C*******************************************************************************
C
C                  INTEGRATED WATER FLOW MODEL (IWFM)
C
C*******************************************************************************
C       
C                     SURFACE FLOW DESTINATION DATA FILE
C                            Root Zone Component
C                            *** Version 4.13 ***
C
C
C             Project : C2VSim Coarse Grid (C2VSimCG)
C                       California Central Valley Groundwater-Surface Water Simulation Model  
C             Filename: C2VSimCG_SurfFlowDest.dat
C             Version:  C2VSimCG v2025
C
C*******************************************************************************
C
C  California Central Valley Groundwater-Surface Water Flow Model - Coarse Grid (C2VSimCG)
C  Copyright (C) 2003-2025
C  State of California, Department of Water Resources 
C
C  This model is free: you can redistribute it and/or modify it 
C  under the terms of the GNU General Public License as published 
C  by the Free Software Foundation, either version 3 of the License, 
C  or (at your option) any later version.
C
C  This model is distributed in the hope that it will be useful, but  
C  WITHOUT ANY WARRANTY; without even the implied warranty of MERCHANTABILITY
C  or FITNESS FOR A PARTICULAR PURPOSE. See the GNU General Public 
C  License for more details.
C
C  You should have received a copy of the GNU General Public License 
C  along with this model. If not, see (https://www.gnu.org/licenses/).
C
C  For technical support, e-mail: IWFMtechsupport@water.ca.gov 
C
C*******************************************************************************
C                              File Description
C
C   This data file contains a set of data pairs to represent the destinations 
C   for surface flows (return flow, rainfall runoff and pond drainage from 
C   ponded crops). 
C   
C*******************************************************************************
C                       Surface Flow Destinations
C   
C
C   NDSTN  ; Number of destination data columns
C   NSPDSTN; Number of time steps to update the flow destination data 
C             * Enter any number if time-tracking option is on
C   NFQDSTN; Repetition frequency of the flow destination data 
C             * Enter 0 if full time series data is supplied
C             * Enter any number if time-tracking option is on
C
C------------------------------------------------------------------------------
C    VALUE                                           DESCRIPTION
C------------------------------------------------------------------------------
      1392                                           / NDSTN
      1                                              / NSPDSTN
      0                                              / NFQDSTN
C------------------------------------------------------------------------------
C                      Surface Flow Destination Data
C                         (READ FROM THIS FILE)
C
C   List NDSTN pairs of integer numbers to describe surface flow 
C   destinations in the form of (T,D), where T represents the destination  
C   type and D represents the destination ID number. 
C
C   ITDSTN;  Time
C   DSTN  ;  Destination data in (T,D) format
C             * For T, enter:
C                0 = Surface flow goes outside of model area
C                1 =   "       "    "  to a stream node
C                3 =   "       "    "   " a lake
C                5 =   "       "    "   " groundwater at an element
C             * For D:
C                If T = 0, enter any number
C                If T = 1, enter destination stream node ID
C                If T = 3, enter destination lake ID
C                If T = 5, enter -1 if surface flow will contribute 
C                          to groundwater at the same element; otherwise 
C                          enter the destination element ID
C
C-------------------------------------------------------------------------
C   ITDSTN          DSTN[1]      DSTN[2]      DSTN[3] ...  DSTN[NDSTN]
C
C  Column                1          2          3          4          5          6          7          8          9         10         11         12         13         14         15         16         17         18         19         20         21         22         23         24         25         26         27         28         29         30         31         32         33         34         35         36         37         38         39         40         41         42         43         44         45         46         47         48         49         50         51         52         53         54         55         56         57         58         59         60         61         62         63         64         65         66         67         68         69         70         71         72         73         74         75         76         77         78         79         80         81         82         83         84         85         86         87         88         89         90         91         92         93         94         95         96         97         98         99        100        101        102        103        104        105        106        107        108        109        110        111        112        113        114        115        116        117        118        119        120        121        122        123        124        125        126        127        128        129        130        131        132        133        134        135        136        137        138        139        140        141        142        143        144        145        146        147        148        149        150        151        152        153        154        155        156        157        158        159        160        161        162        163        164        165        166        167        168        169        170        171        172        173        174        175        176        177        178        179        180        181        182        183        184        185        186        187        188        189        190        191        192        193        194        195        196        197        198        199        200        201        202        203        204        205        206        207        208        209        210        211        212        213        214        215        216        217        218        219        220        221        222        223        224        225        226        227        228        229        230        231        232        233        234        235        236        237        238        239        240        241        242        243        244        245        246        247        248        249        250        251        252        253        254        255        256        257        258        259        260        261        262        263        264        265        266        267        268        269        270        271        272        273        274        275        276        277        278        279        280        281        282        283        284        285        286        287        288        289        290        291        292        293        294        295        296        297        298        299        300        301        302        303        304        305        306        307        308        309        310        311        312        313        314        315        316        317        318        319        320        321        322        323        324        325        326        327        328        329        330        331        332        333        334        335        336        337        338        339        340        341        342        343        344        345        346        347        348        349        350        351        352        353        354        355        356        357        358        359        360        361        362        363        364        365        366        367        368        369        370        371        372        373        374        375        376        377        378        379        380        381        382        383        384        385        386        387        388        389        390        391        392        393        394        395        396        397        398        399        400        401        402        403        404        405        406        407        408        409        410        411        412        413        414        415        416        417        418        419        420        421        422        423        424        425        426        427        428        429        430        431        432        433        434        435        436        437        438        439        440        441        442        443        444        445        446        447        448        449        450        451        452        453        454        455        456        457        458        459        460        461        462        463        464        465        466        467        468        469        470        471        472        473        474        475        476        477        478        479        480        481        482        483        484        485        486        487        488        489        490        491        492        493        494        495        496        497        498        499        500        501        502        503        504        505        506        507        508        509        510        511        512        513        514        515        516        517        518        519        520        521        522        523        524        525        526        527        528        529        530        531        532        533        534        535        536        537        538        539        540        541        542        543        544        545        546        547        548        549        550        551        552        553        554        555        556        557        558        559        560        561        562        563        564        565        566        567        568        569        570        571        572        573        574        575        576        577        578        579        580        581        582        583        584        585        586        587        588        589        590        591        592        593        594        595        596        597        598        599        600        601        602        603        604        605        606        607        608        609        610        611        612        613        614        615        616        617        618        619        620        621        622        623        624        625        626        627        628        629        630        631        632        633        634        635        636        637        638        639        640        641        642        643        644        645        646        647        648        649        650        651        652        653        654        655        656        657        658        659        660        661        662        663        664        665        666        667        668        669        670        671        672        673        674        675        676        677        678        679        680        681        682        683        684        685        686        687        688        689        690        691        692        693        694        695        696        697        698        699        700        701        702        703        704        705        706        707        708        709        710        711        712        713        714        715        716        717        718        719        720        721        722        723        724        725        726        727        728        729        730        731        732        733        734        735        736        737        738        739        740        741        742        743        744        745        746        747        748        749        750        751        752        753        754        755        756        757        758        759        760        761        762        763        764        765        766        767        768        769        770        771        772        773        774        775        776        777        778        779        780        781        782        783        784        785        786        787        788        789        790        791        792        793        794        795        796        797        798        799        800        801        802        803        804        805        806        807        808        809        810        811        812        813        814        815        816        817        818        819        820        821        822        823        824        825        826        827        828        829        830        831        832        833        834        835        836        837        838        839        840        841        842        843        844        845        846        847        848        849        850        851        852        853        854        855        856        857        858        859        860        861        862        863        864        865        866        867        868        869        870        871        872        873        874        875        876        877        878        879        880        881        882        883        884        885        886        887        888        889        890        891        892        893        894        895        896        897        898        899        900        901        902        903        904        905        906        907        908        909        910        911        912        913        914        915        916        917        918        919        920        921        922        923        924        925        926        927        928        929        930        931        932        933        934        935        936        937        938        939        940        941        942        943        944        945        946        947        948        949        950        951        952        953        954        955        956        957        958        959        960        961        962        963        964        965        966        967        968        969        970        971        972        973        974        975        976        977        978        979        980        981        982        983        984        985        986        987        988        989        990        991        992        993        994        995        996        997        998        999       1000       1001       1002       1003       1004       1005       1006       1007       1008       1009       1010       1011       1012       1013       1014       1015       1016       1017       1018       1019       1020       1021       1022       1023       1024       1025       1026       1027       1028       1029       1030       1031       1032       1033       1034       1035       1036       1037       1038       1039       1040       1041       1042       1043       1044       1045       1046       1047       1048       1049       1050       1051       1052       1053       1054       1055       1056       1057       1058       1059       1060       1061       1062       1063       1064       1065       1066       1067       1068       1069       1070       1071       1072       1073       1074       1075       1076       1077       1078       1079       1080       1081       1082       1083       1084       1085       1086       1087       1088       1089       1090       1091       1092       1093       1094       1095       1096       1097       1098       1099       1100       1101       1102       1103       1104       1105       1106       1107       1108       1109       1110       1111       1112       1113       1114       1115       1116       1117       1118       1119       1120       1121       1122       1123       1124       1125       1126       1127       1128       1129       1130       1131       1132       1133       1134       1135       1136       1137       1138       1139       1140       1141       1142       1143       1144       1145       1146       1147       1148       1149       1150       1151       1152       1153       1154       1155       1156       1157       1158       1159       1160       1161       1162       1163       1164       1165       1166       1167       1168       1169       1170       1171       1172       1173       1174       1175       1176       1177       1178       1179       1180       1181       1182       1183       1184       1185       1186       1187       1188       1189       1190       1191       1192       1193       1194       1195       1196       1197       1198       1199       1200       1201       1202       1203       1204       1205       1206       1207       1208       1209       1210       1211       1212       1213       1214       1215       1216       1217       1218       1219       1220       1221       1222       1223       1224       1225       1226       1227       1228       1229       1230       1231       1232       1233       1234       1235       1236       1237       1238       1239       1240       1241       1242       1243       1244       1245       1246       1247       1248       1249       1250       1251       1252       1253       1254       1255       1256       1257       1258       1259       1260       1261       1262       1263       1264       1265       1266       1267       1268       1269       1270       1271       1272       1273       1274       1275       1276       1277       1278       1279       1280       1281       1282       1283       1284       1285       1286       1287       1288       1289       1290       1291       1292       1293       1294       1295       1296       1297       1298       1299       1300       1301       1302       1303       1304       1305       1306       1307       1308       1309       1310       1311       1312       1313       1314       1315       1316       1317       1318       1319       1320       1321       1322       1323       1324       1325       1326       1327       1328       1329       1330       1331       1332       1333       1334       1335       1336       1337       1338       1339       1340       1341       1342       1343       1344       1345       1346       1347       1348       1349       1350       1351       1352       1353       1354       1355       1356       1357       1358       1359       1360       1361       1362       1363       1364       1365       1366       1367       1368       1369       1370       1371       1372       1373       1374       1375       1376       1377       1378       1379       1380       1381       1382       1383       1384       1385       1386       1387       1388       1389       1390       1391       1392
C-------------------------------------------------------------------------
 12/31/2100_24:00    (1,313)    (1,316)    (1,317)    (1,319)    (1,316)    (1,319)    (1,310)    (1,316)    (1,320)    (1,319)    (1,331)    (1,317)    (1,316)    (1,316)    (1,317)    (1,323)    (1,331)    (1,324)    (1,317)    (1,324)    (1,323)    (1,325)    (1,331)    (1,331)    (1,332)    (1,339)    (1,324)    (1,323)    (1,324)    (1,331)    (1,331)    (1,331)    (1,332)    (1,324)    (1,344)    (1,344)    (1,335)    (1,331)    (1,335)    (1,332)    (1,332)    (1,332)    (1,349)    (1,335)    (1,334)    (1,334)    (1,334)    (1,352)    (1,352)    (1,352)    (1,352)    (1,350)    (1,352)    (1,352)    (1,352)    (1,352)    (1,352)    (1,350)    (1,352)    (1,352)    (1,352)    (1,352)    (1,352)    (1,353)    (1,352)    (1,352)    (1,352)    (1,352)    (1,353)    (1,353)    (1,353)    (1,359)    (1,360)    (1,357)    (1,357)    (1,357)    (1,357)    (1,353)    (1,359)    (1,360)    (1,368)    (1,368)    (1,368)    (1,368)    (1,368)    (1,370)    (1,371)    (1,372)    (1,376)    (1,376)    (1,376)    (1,378)    (1,382)    (1,382)    (1,382)    (1,381)    (1,381)    (1,378)    (1,370)    (1,382)    (1,382)    (1,382)    (1,382)    (1,382)    (1,383)    (1,382)    (1,382)    (1,382)    (1,382)    (1,398)    (1,398)    (1,401)    (1,383)    (1,383)    (1,383)    (1,383)    (1,383)    (1,383)    (1,386)    (1,383)    (1,389)    (1,390)    (1,396)    (1,435)    (1,396)    (1,402)    (1,402)    (1,402)    (1,401)    (1,456)    (1,456)    (1,456)    (1,456)    (1,454)    (1,453)    (1,451)    (1,392)    (1,396)    (1,435)    (1,435)    (1,435)    (1,403)    (1,403)    (1,403)    (1,402)    (1,456)    (1,454)    (1,453)    (1,452)    (1,457)    (1,457)    (1,457)    (1,457)    (1,470)    (1,469)    (1,405)    (1,435)    (1,435)    (1,404)    (1,454)    (1,453)    (1,457)    (1,457)    (1,470)    (1,471)    (1,435)    (1,435)    (1,435)    (1,405)    (1,435)    (1,435)    (1,435)    (1,405)    (1,456)    (1,454)    (1,457)    (1,457)    (1,462)    (1,474)    (1,435)    (1,435)    (1,405)    (1,435)    (1,435)    (1,435)    (1,435)    (1,435)    (1,457)    (1,456)    (1,456)    (1,456)    (1,457)    (1,457)    (1,462)    (1,474)    (1,474)    (1,435)    (1,435)    (1,435)    (1,435)    (1,435)    (1,435)    (1,435)    (1,435)    (1,435)    (1,435)    (1,457)    (1,456)    (1,457)    (1,457)    (1,457)    (1,457)    (1,457)    (1,462)    (1,462)    (1,478)    (1,435)    (1,436)    (1,436)    (1,436)    (1,436)    (1,436)    (1,436)    (1,436)    (1,457)    (1,457)    (1,457)    (1,427)    (1,462)    (1,462)    (1,478)    (1,479)    (1,437)    (1,437)    (1,438)    (1,438)    (1,438)    (1,427)    (1,427)    (1,427)    (1,437)    (1,438)    (1,438)    (1,438)    (1,438)    (1,427)    (1,427)    (1,427)    (1,462)    (1,465)    (1,479)    (1,481)    (1,438)    (1,438)    (1,438)    (1,441)    (1,441)    (1,441)    (1,428)    (1,464)    (1,438)    (1,441)    (1,441)    (1,441)    (1,442)    (1,442)    (1,464)    (1,462)    (1,464)    (1,464)    (1,465)    (1,465)    (1,441)    (1,441)    (1,442)    (1,442)    (1,443)    (1,464)    (1,464)    (1,465)    (1,465)    (1,479)    (1,486)    (1,441)    (1,441)    (1,442)    (1,442)    (1,442)    (1,443)    (1,430)    (1,449)    (1,449)    (1,465)    (1,465)    (1,486)    (1,491)    (1,491)    (1,444)    (1,444)    (1,444)    (1,445)    (1,449)    (1,449)    (1,467)    (1,467)    (1,486)    (1,491)    (1,491)    (1,444)    (1,444)    (1,444)    (1,444)    (1,445)    (1,433)    (1,449)    (1,449)    (1,467)    (1,487)    (1,491)    (1,491)    (1,491)    (1,523)    (1,523)    (1,444)    (1,434)    (1,434)    (1,434)    (1,449)    (1,449)    (1,500)    (1,467)    (1,500)    (1,491)    (1,491)    (1,490)    (1,531)    (1,523)    (1,434)    (1,502)    (1,449)    (1,500)    (1,500)    (1,500)    (1,500)    (1,500)    (1,500)    (1,500)    (1,526)    (1,526)    (1,530)    (1,530)    (1,530)    (1,500)    (1,523)    (1,531)    (1,530)    (1,530)    (1,530)    (1,504)    (1,504)    (1,504)    (1,504)    (1,500)    (1,500)    (1,500)    (1,500)    (1,500)    (1,500)    (1,500)    (1,504)    (1,500)    (1,500)    (1,500)    (1,500)    (1,504)    (1,504)    (1,504)    (1,504)    (1,504)    (1,504)    (1,504)    (1,504)    (1,504)    (1,504)    (1,507)    (1,507)    (1,507)    (1,504)    (1,509)    (1,509)    (1,507)    (1,504)    (1,510)    (1,509)    (1,509)    (1,515)    (1,507)    (1,515)    (1,515)    (1,292)    (1,292)    (1,531)    (1,531)    (1,531)    (1,530)    (1,530)    (1,530)    (1,504)    (1,531)    (1,531)    (1,530)    (1,530)    (1,531)    (1,530)    (1,514)    (1,515)    (1,515)    (1,515)    (1,515)    (1,295)    (1,293)    (1,292)    (1,533)    (1,543)    (1,543)    (1,531)    (1,531)    (1,539)    (1,539)    (1,514)    (1,515)    (1,515)    (1,515)    (1,295)    (1,293)    (1,296)    (1,296)    (1,296)    (1,292)    (1,543)    (1,543)    (1,543)    (1,543)    (1,541)    (1,541)    (1,539)    (1,515)    (1,515)    (1,515)    (1,515)    (1,515)    (1,295)    (1,296)    (1,296)    (1,296)    (1,288)    (1,296)    (1,296)    (1,287)    (1,286)    (1,285)    (1,543)    (1,543)    (1,543)    (1,543)    (1,543)    (1,542)    (1,517)    (1,517)    (1,300)    (1,300)    (1,296)    (1,296)    (1,296)    (1,289)    (1,288)    (1,287)    (1,286)    (1,286)    (1,555)    (1,555)    (1,543)    (1,543)    (1,543)    (1,543)    (1,517)    (1,517)    (1,520)    (1,518)    (1,300)    (1,300)    (1,300)    (1,299)    (1,299)    (1,555)    (1,555)    (1,555)    (1,543)    (1,543)    (1,520)    (1,520)    (1,520)    (1,520)    (1,275)    (1,300)    (1,275)    (1,275)    (1,275)    (1,275)    (1,275)    (1,283)    (1,283)    (1,275)    (1,283)    (1,281)    (1,280)    (1,278)    (1,278)    (1,286)    (1,275)    (1,275)    (1,275)    (1,275)    (1,281)    (1,273)    (1,273)    (1,278)    (1,278)    (1,278)    (1,265)    (1,278)    (1,265)    (1,555)    (1,555)    (1,551)    (1,548)    (1,547)    (1,520)    (1,546)    (1,304)    (1,275)    (1,275)    (1,274)    (1,273)    (1,273)    (1,273)    (1,273)    (1,273)    (1,266)    (1,265)    (1,555)    (1,555)    (1,551)    (1,548)    (1,548)    (1,547)    (1,547)    (1,304)    (1,274)    (1,274)    (1,272)    (1,272)    (1,263)    (1,269)    (1,269)    (1,269)    (1,262)    (1,265)    (1,551)    (1,548)    (1,306)    (1,306)    (1,305)    (1,656)    (1,656)    (1,657)    (1,657)    (1,658)    (1,658)    (1,272)    (1,262)    (1,262)    (1,262)    (1,262)    (1,262)    (1,262)    (1,262)    (1,659)    (1,663)    (1,261)    (1,260)    (1,262)    (1,262)    (1,262)    (1,262)    (1,262)    (1,262)    (1,262)    (1,262)    (1,262)    (1,262)    (1,262)    (1,262)    (1,663)    (1,663)    (1,663)    (1,662)    (1,304)    (1,260)    (1,260)    (1,260)    (1,255)    (1,262)    (1,262)    (1,252)    (1,251)    (1,262)    (1,663)    (1,663)    (1,662)    (1,259)    (1,662)    (1,259)    (1,259)    (1,259)    (1,259)    (1,248)    (1,255)    (1,254)    (1,253)    (1,252)    (1,251)    (1,250)    (1,248)    (1,248)    (1,248)    (1,248)    (1,248)    (1,237)    (1,244)    (1,244)    (1,244)    (1,244)    (1,237)    (1,237)    (1,237)    (1,237)    (1,237)    (1,244)    (1,244)    (1,244)    (1,244)    (1,244)    (1,244)    (1,244)    (1,242)    (1,241)    (1,240)    (1,239)    (1,236)    (1,236)    (1,236)    (1,236)    (1,236)    (1,236)    (1,236)    (1,236)    (1,236)    (1,239)    (1,236)    (1,235)    (1,235)    (1,236)    (1,236)    (1,236)    (1,236)    (1,236)    (1,223)    (1,223)    (1,232)    (1,235)    (1,231)    (1,230)    (1,230)    (1,235)    (1,235)    (1,235)    (1,235)    (1,223)    (1,223)    (1,223)    (1,218)    (1,229)    (1,229)    (1,229)    (1,225)    (1,224)    (1,224)    (1,222)    (1,222)    (1,220)    (1,218)    (1,218)    (1,213)    (1,213)    (1,200)    (1,223)    (1,222)    (1,209)    (1,220)    (1,218)    (1,218)    (1,218)    (1,214)    (1,215)    (1,214)    (1,213)    (1,200)    (1,209)    (1,208)    (1,208)    (1,208)    (1,218)    (1,218)    (1,218)    (1,218)    (1,215)    (1,203)    (1,203)    (1,200)    (1,200)    (1,200)    (1,209)    (1,209)    (1,208)    (1,208)    (1,206)    (1,208)    (1,208)    (1,208)    (1,205)    (1,200)    (1,199)    (1,199)    (1,199)    (1,199)    (1,199)    (1,218)    (1,218)    (1,218)    (1,218)    (1,215)    (1,215)    (1,203)    (1,199)    (1,199)    (1,199)    (1,193)    (1,193)    (1,199)    (1,193)    (1,203)    (1,203)    (1,183)    (1,183)    (1,183)    (1,183)    (1,183)    (1,193)    (1,192)    (1,192)    (1,191)    (1,218)    (1,218)    (1,218)    (1,215)    (1,218)    (1,218)    (1,215)    (1,215)    (1,203)    (1,170)    (1,170)    (1,170)    (1,170)    (1,176)    (1,175)    (1,175)    (1,162)    (1,191)    (1,215)    (1,215)    (1,215)    (1,215)    (1,215)    (1,215)    (1,215)    (1,215)    (1,215)    (1,215)    (1,215)    (1,170)    (1,215)    (1,215)    (1,161)    (1,169)    (1,162)    (1,162)    (1,162)    (1,162)    (1,162)    (1,152)    (1,162)    (1,162)    (1,161)    (1,161)    (1,161)    (1,162)    (1,161)    (1,161)    (1,161)    (1,161)    (1,152)    (1,158)    (1,157)    (1,157)    (1,155)    (1,215)    (1,215)    (1,215)    (1,215)    (1,161)    (1,168)    (1,152)    (1,152)    (1,152)    (1,150)    (1,150)    (1,150)    (1,122)    (1,215)    (1,215)    (1,215)    (1,215)    (1,215)    (1,215)    (1,215)    (1,215)    (1,161)    (1,167)    (1,167)    (1,151)    (1,151)    (1,150)    (1,149)    (1,149)    (1,150)    (1,215)    (1,215)    (1,215)    (1,215)    (1,215)    (1,215)    (1,215)    (1,215)    (1,137)    (1,215)    (1,215)    (1,215)    (1,167)    (1,167)    (1,149)    (1,149)    (1,149)    (1,144)    (1,143)    (1,142)    (1,141)    (1,141)    (1,139)    (1,137)    (1,136)    (1,137)    (1,137)    (1,137)    (1,137)    (1,135)    (1,135)    (1,144)    (1,135)    (1,135)    (1,135)    (1,140)    (1,140)    (1,139)    (1,136)    (1,136)    (1,136)    (1,136)    (1,136)    (1,136)    (1,136)    (1,136)    (1,136)    (1,136)    (1,135)    (1,135)    (1,135)    (1,135)    (1,135)    (1,134)    (1,135)    (1,135)    (1,135)    (1,135)    (1,135)    (1,136)    (1,136)    (1,136)    (1,136)    (1,135)    (1,135)    (1,134)    (1,134)    (1,135)    (1,135)    (1,135)    (1,135)    (1,135)    (1,135)    (1,135)    (1,135)    (1,135)    (1,136)    (1,136)    (1,136)    (1,135)    (1,135)    (1,135)    (1,134)    (1,135)    (1,135)    (1,135)    (1,135)    (1,135)    (1,135)    (1,135)    (1,135)    (1,135)    (1,135)    (1,135)    (1,135)    (1,135)    (1,135)    (1,135)    (1,135)    (1,135)    (1,135)    (1,135)    (1,135)    (1,135)    (1,135)    (1,135)    (1,135)    (1,135)    (1,135)    (1,135)    (1,135)    (1,135)    (1,135)    (1,135)    (1,135)    (1,135)    (1,135)    (1,135)    (1,135)    (1,135)    (1,135)    (1,135)    (1,135)    (1,135)    (1,135)    (1,135)    (1,135)    (1,135)    (1,135)    (1,135)     (1,81)    (1,135)    (1,135)    (1,135)    (1,135)    (1,135)    (1,135)    (1,135)    (1,135)    (1,135)    (1,135)    (1,135)    (1,135)    (1,135)    (1,135)    (1,110)    (1,110)    (1,110)    (1,106)    (1,135)    (1,135)     (1,91)    (1,135)    (1,135)    (1,135)    (1,135)    (1,135)    (1,135)    (1,135)    (1,135)     (1,87)     (1,84)     (1,87)     (1,82)     (1,82)     (1,82)    (1,106)     (1,91)     (1,91)     (1,91)     (1,91)     (1,91)     (1,91)     (1,88)    (1,135)     (1,86)     (1,85)     (1,93)     (1,93)     (1,93)     (1,93)     (1,92)     (1,92)     (1,90)    (1,102)    (1,102)    (1,102)     (1,76)     (1,84)     (1,83)     (1,82)     (1,76)     (1,93)     (1,93)     (1,93)     (1,93)     (1,93)     (1,93)    (1,102)    (1,102)    (1,102)     (1,76)     (1,76)     (1,76)     (1,76)     (1,76)     (1,76)     (1,76)     (1,96)     (1,93)     (1,93)     (1,93)    (1,102)    (1,102)    (1,102)    (1,102)     (1,76)     (1,76)     (1,76)     (1,76)     (1,76)     (1,76)     (1,76)     (1,93)    (1,102)    (1,102)     (1,38)     (1,76)     (1,76)     (1,76)     (1,76)     (1,76)     (1,76)     (1,76)     (1,76)     (1,76)     (1,76)     (1,76)     (1,76)     (1,76)     (1,71)     (1,70)     (1,76)     (1,76)     (1,72)     (1,65)     (1,65)     (1,65)     (1,96)     (1,93)     (1,93)     (1,93)     (1,93)     (1,93)     (1,38)     (1,38)     (1,76)     (1,76)     (1,76)     (1,65)     (1,65)     (1,65)     (1,65)     (1,76)     (1,76)     (1,76)     (1,76)     (1,65)     (1,65)     (1,65)     (1,65)     (1,65)     (1,65)     (1,65)     (1,65)     (1,66)     (1,58)     (1,38)     (1,38)     (1,38)     (1,96)     (1,96)     (1,96)     (1,96)     (1,96)     (1,96)     (1,38)     (1,38)     (1,38)     (1,38)     (1,38)     (1,66)     (1,66)     (1,66)     (1,66)     (1,66)     (1,63)     (1,61)     (1,60)     (1,48)     (1,61)     (1,96)     (1,96)     (1,36)     (1,36)     (1,38)     (1,36)     (1,38)     (1,38)     (1,57)     (1,48)     (1,57)     (1,55)     (1,55)     (1,52)     (1,50)     (1,55)     (1,55)     (1,55)     (1,53)     (1,53)     (1,50)      (0,0)      (0,0)     (1,42)     (1,55)     (1,53)     (1,55)     (1,55)     (1,36)     (1,36)     (1,36)     (1,36)     (1,35)     (1,35)     (1,35)     (1,35)     (1,35)     (1,34)     (1,34)     (1,34)     (1,46)     (1,55)     (1,55)     (1,45)     (1,45)     (1,46)     (1,46)     (1,45)     (1,45)     (1,45)     (1,45)      (0,0)      (0,0)     (1,35)     (1,35)      (0,0)      (0,0)      (0,0)      (0,0)      (0,0)      (0,0)      (0,0)      (0,0)      (0,0)      (0,0)      (0,0)      (0,0)      (0,0)      (0,0)      (0,0)      (0,0)      (0,0)      (0,0)      (0,0)      (0,0)      (0,0)      (0,0)      (0,0)      (0,0)      (0,0)      (0,0)      (0,0)      (0,0)      (0,0)      (0,0)      (0,0)      (0,0)      (0,0)      (0,0)      (0,0)      (0,0)      (0,0)      (0,0)      (0,0)      (0,0)      (0,0)      (0,0)      (0,0)      (0,0)      (0,0)      (0,0)      (0,0)      (0,0)      (0,0)      (0,0)      (0,0)      (0,0)      (0,0)      (0,0)      (0,0)      (0,0)      (0,0)      (0,0)      (0,0)      (0,0)      (0,0)      (0,0)      (0,0)      (0,0)      (0,0)      (0,0)      (0,0)      (0,0)      (0,0)      (0,0)      (0,0)      (0,0)      (0,0)      (0,0)      (0,0)      (0,0)      (0,0)      (0,0)      (0,0)      (0,0)      (0,0)      (0,0)      (0,0)      (0,0)      (0,0)      (0,0)      (0,0)      (0,0)      (0,0)      (0,0)      (0,0)      (0,0)      (0,0)      (0,0)      (0,0)      (0,0)      (0,0)      (0,0)      (0,0)      (0,0)      (0,0)      (0,0)      (0,0)      (0,0)      (0,0)      (0,0)      (0,0)      (0,0)      (0,0)      (0,0)      (0,0)      (0,0)      (0,0)      (0,0)      (0,0)      (0,0)      (0,0)      (0,0)      (0,0)      (0,0)      (0,0)      (0,0)      (0,0)      (0,0)      (0,0)      (0,0)      (0,0)      (0,0)      (0,0)      (0,0)      (0,0)      (0,0)      (0,0)      (0,0)      (0,0)      (0,0)      (0,0)      (0,0)      (0,0)      (0,0)      (0,0)      (0,0)      (0,0)      (0,0)      (0,0)      (0,0)      (0,0)      (0,0)      (0,0)      (0,0)      (0,0)      (0,0)      (0,0)      (0,0)      (0,0)      (0,0)      (0,0)      (0,0)      (0,0)      (0,0)      (0,0)      (0,0)      (0,0)      (0,0)      (0,0)      (0,0)      (0,0)      (0,0)      (0,0)      (0,0)      (0,0)      (0,0)      (0,0)      (0,0)      (0,0)      (0,0)      (0,0)      (0,0)      (0,0)
