C*******************************************************************************
C
C                  INTEGRATED WATER FLOW MODEL (IWFM)
C
C*******************************************************************************
C
C                 RICE/REFUGE POND DEPTH DATA FILE
C                       Root Zone Component
C                       *** Version 4.13 ***
C
C
C             Project:  C2VSim Coarse Grid (C2VSimCG)
C                       California Central Valley Groundwater-Surface Water Simulation Model
C             Filename: C2VSimCG_PondedCrop_Depth.dat
C             Version:  C2VSimCG v2025 
C
C*******************************************************************************
C
C  California Central Valley Groundwater-Surface Water Flow Model - Coarse Grid (C2VSimCG)
C  Copyright (C) 2003-2025
C  State of California, Department of Water Resources 
C
C  This model is free: you can redistribute it and/or modify it 
C  under the terms of the GNU General Public License as published 
C  by the Free Software Foundation, either version 3 of the License, 
C  or (at your option) any later version.
C
C  This model is distributed in the hope that it will be useful, but  
C  WITHOUT ANY WARRANTY; without even the implied warranty of MERCHANTABILITY
C  or FITNESS FOR A PARTICULAR PURPOSE. See the GNU General Public 
C  License for more details.
C
C  You should have received a copy of the GNU General Public License 
C  along with this model. If not, see (https://www.gnu.org/licenses/).
C
C  For technical support, e-mail: IWFMtechsupport@water.ca.gov 
C
C*******************************************************************************
C                           File Description
C
C   This data file contains a set of ponding depths for rice fields and refuges.
C   These values are correlated to individual grid elements through the Rice/Refuge 
C   Data File.
C
C*******************************************************************************
C                 Rice/Refuge Pond Depth Data Specifications
C
C   NCOLPND  ; Number of pond depth data columns
C   FACTPND  ; Conversion factor for pond depths 
C   NSPPND   ; Number of time steps to update the pond depths
C               * Enter any number if time-tracking option is on
C   NFQPND   ; Repetition frequency of the pond depth data 
C               * Enter 0 if full time series data is supplied
C               * Enter any number if time-tracking option is on
C   DSSFL    ; The name of the DSS file for data input 
C               * Leave blank if DSS file is not used for data input
C
C-------------------------------------------------------------------------------
C         VALUE                                      DESCRIPTION
C-------------------------------------------------------------------------------
          5                                          / NCOLPND
          1.0                                        / FACTPND 
          1                                          / NSPPND 
          0                                          / NFQPND
                                                     / DSSFL
C----------------------------------------------------------------------------------------------
C                         Rice/Refuge Pond Depth Data 
C                            (READ FROM THIS FILE)
C
C   List the rice/refuge pond depths below, if it will not be read from
C   a DSS file (i.e. DSSFL is left blank above).
C
C   TIME ;  Time
C   PND  ;  Pond depths; [L]
C
C----------------------------------------------------------------------------------------------
C       TIME        PND[1]   PND[2]   PND[3]   PND[4]   PND[5]  
C----------------------------------------------------------------------------------------------
 10/31/1973_24:00     0.13     0.00     0.00     0.29     0.50
 11/30/1973_24:00     0.46     0.00     0.00     0.57     1.00
 12/31/1973_24:00     0.33     0.00     0.00     0.85     1.00
 01/31/1974_24:00     0.18     0.00     0.00     1.00     1.00
 02/28/1974_24:00     0.02     0.00     0.00     1.00     1.00
 03/31/1974_24:00     0.00     0.00     0.00     0.90     1.00
 04/30/1974_24:00     0.04     0.00     0.04     0.33     1.00
 05/31/1974_24:00     0.45     0.00     0.45    -0.01     0.00
 06/30/1974_24:00     0.45     0.00     0.45    -0.03     0.00
 07/31/1974_24:00     0.42     0.00     0.42    -0.01     0.00
 08/31/1974_24:00     0.31     0.00     0.31    -0.28     0.00
 09/30/1974_24:00     0.03     0.00     0.05     0.01     0.25
 10/31/1974_24:00     0.13     0.00     0.00     0.29     0.50
 11/30/1974_24:00     0.46     0.00     0.00     0.57     1.00
 12/31/1974_24:00     0.33     0.00     0.00     0.85     1.00
 01/31/1975_24:00     0.18     0.00     0.00     1.00     1.00
 02/28/1975_24:00     0.02     0.00     0.00     1.00     1.00
 03/31/1975_24:00     0.00     0.00     0.00     0.90     1.00
 04/30/1975_24:00     0.04     0.00     0.04     0.33     1.00
 05/31/1975_24:00     0.45     0.00     0.45    -0.01     0.00
 06/30/1975_24:00     0.45     0.00     0.45    -0.03     0.00
 07/31/1975_24:00     0.42     0.00     0.42    -0.01     0.00
 08/31/1975_24:00     0.31     0.00     0.31    -0.28     0.00
 09/30/1975_24:00     0.03     0.00     0.05     0.01     0.25
 10/31/1975_24:00     0.13     0.00     0.00     0.29     0.50
 11/30/1975_24:00     0.46     0.00     0.00     0.57     1.00
 12/31/1975_24:00     0.33     0.00     0.00     0.85     1.00
 01/31/1976_24:00     0.18     0.00     0.00     1.00     1.00
 02/29/1976_24:00     0.02     0.00     0.00     1.00     1.00
 03/31/1976_24:00     0.00     0.00     0.00     0.90     1.00
 04/30/1976_24:00     0.04     0.00     0.04     0.33     1.00
 05/31/1976_24:00     0.45     0.00     0.45    -0.01     0.00
 06/30/1976_24:00     0.45     0.00     0.45    -0.03     0.00
 07/31/1976_24:00     0.42     0.00     0.42    -0.01     0.00
 08/31/1976_24:00     0.31     0.00     0.31    -0.28     0.00
 09/30/1976_24:00     0.03     0.00     0.05     0.01     0.25
 10/31/1976_24:00     0.13     0.00     0.00     0.29     0.50
 11/30/1976_24:00     0.46     0.00     0.00     0.57     1.00
 12/31/1976_24:00     0.33     0.00     0.00     0.85     1.00
 01/31/1977_24:00     0.18     0.00     0.00     1.00     1.00
 02/28/1977_24:00     0.02     0.00     0.00     1.00     1.00
 03/31/1977_24:00     0.00     0.00     0.00     0.90     1.00
 04/30/1977_24:00     0.04     0.00     0.04     0.33     1.00
 05/31/1977_24:00     0.45     0.00     0.45    -0.01     0.00
 06/30/1977_24:00     0.45     0.00     0.45    -0.03     0.00
 07/31/1977_24:00     0.42     0.00     0.42    -0.01     0.00
 08/31/1977_24:00     0.31     0.00     0.31    -0.28     0.00
 09/30/1977_24:00     0.03     0.00     0.05     0.01     0.25
 10/31/1977_24:00     0.13     0.00     0.00     0.29     0.50
 11/30/1977_24:00     0.46     0.00     0.00     0.57     1.00
 12/31/1977_24:00     0.33     0.00     0.00     0.85     1.00
 01/31/1978_24:00     0.18     0.00     0.00     1.00     1.00
 02/28/1978_24:00     0.02     0.00     0.00     1.00     1.00
 03/31/1978_24:00     0.00     0.00     0.00     0.90     1.00
 04/30/1978_24:00     0.04     0.00     0.04     0.33     1.00
 05/31/1978_24:00     0.45     0.00     0.45    -0.01     0.00
 06/30/1978_24:00     0.45     0.00     0.45    -0.03     0.00
 07/31/1978_24:00     0.42     0.00     0.42    -0.01     0.00
 08/31/1978_24:00     0.31     0.00     0.31    -0.28     0.00
 09/30/1978_24:00     0.03     0.00     0.05     0.01     0.25
 10/31/1978_24:00     0.13     0.00     0.00     0.29     0.50
 11/30/1978_24:00     0.46     0.00     0.00     0.57     1.00
 12/31/1978_24:00     0.33     0.00     0.00     0.85     1.00
 01/31/1979_24:00     0.18     0.00     0.00     1.00     1.00
 02/28/1979_24:00     0.02     0.00     0.00     1.00     1.00
 03/31/1979_24:00     0.00     0.00     0.00     0.90     1.00
 04/30/1979_24:00     0.04     0.00     0.04     0.33     1.00
 05/31/1979_24:00     0.45     0.00     0.45    -0.01     0.00
 06/30/1979_24:00     0.45     0.00     0.45    -0.03     0.00
 07/31/1979_24:00     0.42     0.00     0.42    -0.01     0.00
 08/31/1979_24:00     0.31     0.00     0.31    -0.28     0.00
 09/30/1979_24:00     0.03     0.00     0.05     0.01     0.25
 10/31/1979_24:00     0.13     0.00     0.00     0.29     0.50
 11/30/1979_24:00     0.46     0.00     0.00     0.57     1.00
 12/31/1979_24:00     0.33     0.00     0.00     0.85     1.00
 01/31/1980_24:00     0.18     0.00     0.00     1.00     1.00
 02/29/1980_24:00     0.02     0.00     0.00     1.00     1.00
 03/31/1980_24:00     0.00     0.00     0.00     0.90     1.00
 04/30/1980_24:00     0.04     0.00     0.04     0.33     1.00
 05/31/1980_24:00     0.45     0.00     0.45    -0.01     0.00
 06/30/1980_24:00     0.45     0.00     0.45    -0.03     0.00
 07/31/1980_24:00     0.42     0.00     0.42    -0.01     0.00
 08/31/1980_24:00     0.31     0.00     0.31    -0.28     0.00
 09/30/1980_24:00     0.03     0.00     0.05     0.01     0.25
 10/31/1980_24:00     0.13     0.00     0.00     0.29     0.50
 11/30/1980_24:00     0.46     0.00     0.00     0.57     1.00
 12/31/1980_24:00     0.33     0.00     0.00     0.85     1.00
 01/31/1981_24:00     0.18     0.00     0.00     1.00     1.00
 02/28/1981_24:00     0.02     0.00     0.00     1.00     1.00
 03/31/1981_24:00     0.00     0.00     0.00     0.90     1.00
 04/30/1981_24:00     0.04     0.00     0.04     0.33     1.00
 05/31/1981_24:00     0.45     0.00     0.45    -0.01     0.00
 06/30/1981_24:00     0.45     0.00     0.45    -0.03     0.00
 07/31/1981_24:00     0.42     0.00     0.42    -0.01     0.00
 08/31/1981_24:00     0.31     0.00     0.31    -0.28     0.00
 09/30/1981_24:00     0.03     0.00     0.05     0.01     0.25
 10/31/1981_24:00     0.13     0.00     0.00     0.29     0.50
 11/30/1981_24:00     0.46     0.00     0.00     0.57     1.00
 12/31/1981_24:00     0.33     0.00     0.00     0.85     1.00
 01/31/1982_24:00     0.18     0.00     0.00     1.00     1.00
 02/28/1982_24:00     0.02     0.00     0.00     1.00     1.00
 03/31/1982_24:00     0.00     0.00     0.00     0.90     1.00
 04/30/1982_24:00     0.04     0.00     0.04     0.33     1.00
 05/31/1982_24:00     0.45     0.00     0.45    -0.01     0.00
 06/30/1982_24:00     0.45     0.00     0.45    -0.03     0.00
 07/31/1982_24:00     0.42     0.00     0.42    -0.01     0.00
 08/31/1982_24:00     0.31     0.00     0.31    -0.28     0.00
 09/30/1982_24:00     0.03     0.00     0.05     0.01     0.25
 10/31/1982_24:00     0.13     0.00     0.00     0.29     0.50
 11/30/1982_24:00     0.46     0.00     0.00     0.57     1.00
 12/31/1982_24:00     0.33     0.00     0.00     0.85     1.00
 01/31/1983_24:00     0.18     0.00     0.00     1.00     1.00
 02/28/1983_24:00     0.02     0.00     0.00     1.00     1.00
 03/31/1983_24:00     0.00     0.00     0.00     0.90     1.00
 04/30/1983_24:00     0.04     0.00     0.04     0.33     1.00
 05/31/1983_24:00     0.45     0.00     0.45    -0.01     0.00
 06/30/1983_24:00     0.45     0.00     0.45    -0.03     0.00
 07/31/1983_24:00     0.42     0.00     0.42    -0.01     0.00
 08/31/1983_24:00     0.31     0.00     0.31    -0.28     0.00
 09/30/1983_24:00     0.03     0.00     0.05     0.01     0.25
 10/31/1983_24:00     0.13     0.00     0.00     0.29     0.50
 11/30/1983_24:00     0.46     0.00     0.00     0.57     1.00
 12/31/1983_24:00     0.33     0.00     0.00     0.85     1.00
 01/31/1984_24:00     0.18     0.00     0.00     1.00     1.00
 02/29/1984_24:00     0.02     0.00     0.00     1.00     1.00
 03/31/1984_24:00     0.00     0.00     0.00     0.90     1.00
 04/30/1984_24:00     0.04     0.00     0.04     0.33     1.00
 05/31/1984_24:00     0.45     0.00     0.45    -0.01     0.00
 06/30/1984_24:00     0.45     0.00     0.45    -0.03     0.00
 07/31/1984_24:00     0.42     0.00     0.42    -0.01     0.00
 08/31/1984_24:00     0.31     0.00     0.31    -0.28     0.00
 09/30/1984_24:00     0.03     0.00     0.05     0.01     0.25
 10/31/1984_24:00     0.13     0.00     0.00     0.29     0.50
 11/30/1984_24:00     0.46     0.00     0.00     0.57     1.00
 12/31/1984_24:00     0.33     0.00     0.00     0.85     1.00
 01/31/1985_24:00     0.18     0.00     0.00     1.00     1.00
 02/28/1985_24:00     0.02     0.00     0.00     1.00     1.00
 03/31/1985_24:00     0.00     0.00     0.00     0.90     1.00
 04/30/1985_24:00     0.04     0.00     0.04     0.33     1.00
 05/31/1985_24:00     0.45     0.00     0.45    -0.01     0.00
 06/30/1985_24:00     0.45     0.00     0.45    -0.03     0.00
 07/31/1985_24:00     0.42     0.00     0.42    -0.01     0.00
 08/31/1985_24:00     0.31     0.00     0.31    -0.28     0.00
 09/30/1985_24:00     0.03     0.00     0.05     0.01     0.25
 10/31/1985_24:00     0.13     0.00     0.00     0.29     0.50
 11/30/1985_24:00     0.46     0.00     0.00     0.57     1.00
 12/31/1985_24:00     0.33     0.00     0.00     0.85     1.00
 01/31/1986_24:00     0.18     0.00     0.00     1.00     1.00
 02/28/1986_24:00     0.02     0.00     0.00     1.00     1.00
 03/31/1986_24:00     0.00     0.00     0.00     0.90     1.00
 04/30/1986_24:00     0.04     0.00     0.04     0.33     1.00
 05/31/1986_24:00     0.45     0.00     0.45    -0.01     0.00
 06/30/1986_24:00     0.45     0.00     0.45    -0.03     0.00
 07/31/1986_24:00     0.42     0.00     0.42    -0.01     0.00
 08/31/1986_24:00     0.31     0.00     0.31    -0.28     0.00
 09/30/1986_24:00     0.03     0.00     0.05     0.01     0.25
 10/31/1986_24:00     0.13     0.00     0.00     0.29     0.50
 11/30/1986_24:00     0.46     0.00     0.00     0.57     1.00
 12/31/1986_24:00     0.33     0.00     0.00     0.85     1.00
 01/31/1987_24:00     0.18     0.00     0.00     1.00     1.00
 02/28/1987_24:00     0.02     0.00     0.00     1.00     1.00
 03/31/1987_24:00     0.00     0.00     0.00     0.90     1.00
 04/30/1987_24:00     0.04     0.00     0.04     0.33     1.00
 05/31/1987_24:00     0.45     0.00     0.45    -0.01     0.00
 06/30/1987_24:00     0.45     0.00     0.45    -0.03     0.00
 07/31/1987_24:00     0.42     0.00     0.42    -0.01     0.00
 08/31/1987_24:00     0.31     0.00     0.31    -0.28     0.00
 09/30/1987_24:00     0.03     0.00     0.05     0.01     0.25
 10/31/1987_24:00     0.13     0.00     0.00     0.29     0.50
 11/30/1987_24:00     0.46     0.00     0.00     0.57     1.00
 12/31/1987_24:00     0.33     0.00     0.00     0.85     1.00
 01/31/1988_24:00     0.18     0.00     0.00     1.00     1.00
 02/29/1988_24:00     0.02     0.00     0.00     1.00     1.00
 03/31/1988_24:00     0.00     0.00     0.00     0.90     1.00
 04/30/1988_24:00     0.04     0.00     0.04     0.33     1.00
 05/31/1988_24:00     0.45     0.00     0.45    -0.01     0.00
 06/30/1988_24:00     0.45     0.00     0.45    -0.03     0.00
 07/31/1988_24:00     0.42     0.00     0.42    -0.01     0.00
 08/31/1988_24:00     0.31     0.00     0.31    -0.28     0.00
 09/30/1988_24:00     0.03     0.00     0.05     0.01     0.25
 10/31/1988_24:00     0.13     0.00     0.00     0.29     0.50
 11/30/1988_24:00     0.46     0.00     0.00     0.57     1.00
 12/31/1988_24:00     0.33     0.00     0.00     0.85     1.00
 01/31/1989_24:00     0.18     0.00     0.00     1.00     1.00
 02/28/1989_24:00     0.02     0.00     0.00     1.00     1.00
 03/31/1989_24:00     0.00     0.00     0.00     0.90     1.00
 04/30/1989_24:00     0.04     0.00     0.04     0.33     1.00
 05/31/1989_24:00     0.45     0.00     0.45    -0.01     0.00
 06/30/1989_24:00     0.45     0.00     0.45    -0.03     0.00
 07/31/1989_24:00     0.42     0.00     0.42    -0.01     0.00
 08/31/1989_24:00     0.31     0.00     0.31    -0.28     0.00
 09/30/1989_24:00     0.03     0.00     0.05     0.01     0.25
 10/31/1989_24:00     0.13     0.00     0.00     0.29     0.50
 11/30/1989_24:00     0.46     0.00     0.00     0.57     1.00
 12/31/1989_24:00     0.33     0.00     0.00     0.85     1.00
 01/31/1990_24:00     0.18     0.00     0.00     1.00     1.00
 02/28/1990_24:00     0.02     0.00     0.00     1.00     1.00
 03/31/1990_24:00     0.00     0.00     0.00     0.90     1.00
 04/30/1990_24:00     0.04     0.00     0.04     0.33     1.00
 05/31/1990_24:00     0.45     0.00     0.45    -0.01     0.00
 06/30/1990_24:00     0.45     0.00     0.45    -0.03     0.00
 07/31/1990_24:00     0.42     0.00     0.42    -0.01     0.00
 08/31/1990_24:00     0.31     0.00     0.31    -0.28     0.00
 09/30/1990_24:00     0.03     0.00     0.05     0.01     0.25
 10/31/1990_24:00     0.13     0.00     0.00     0.29     0.50
 11/30/1990_24:00     0.46     0.00     0.00     0.57     1.00
 12/31/1990_24:00     0.33     0.00     0.00     0.85     1.00
 01/31/1991_24:00     0.18     0.00     0.00     1.00     1.00
 02/28/1991_24:00     0.02     0.00     0.00     1.00     1.00
 03/31/1991_24:00     0.00     0.00     0.00     0.90     1.00
 04/30/1991_24:00     0.04     0.00     0.04     0.33     1.00
 05/31/1991_24:00     0.45     0.00     0.45    -0.01     0.00
 06/30/1991_24:00     0.45     0.00     0.45    -0.03     0.00
 07/31/1991_24:00     0.42     0.00     0.42    -0.01     0.00
 08/31/1991_24:00     0.31     0.00     0.31    -0.28     0.00
 09/30/1991_24:00     0.03     0.00     0.05     0.01     0.25
 10/31/1991_24:00     0.13     0.00     0.00     0.29     0.50
 11/30/1991_24:00     0.46     0.00     0.00     0.57     1.00
 12/31/1991_24:00     0.33     0.00     0.00     0.85     1.00
 01/31/1992_24:00     0.18     0.00     0.00     1.00     1.00
 02/29/1992_24:00     0.02     0.00     0.00     1.00     1.00
 03/31/1992_24:00     0.00     0.00     0.00     0.90     1.00
 04/30/1992_24:00     0.04     0.00     0.04     0.33     1.00
 05/31/1992_24:00     0.45     0.00     0.45    -0.01     0.00
 06/30/1992_24:00     0.45     0.00     0.45    -0.03     0.00
 07/31/1992_24:00     0.42     0.00     0.42    -0.01     0.00
 08/31/1992_24:00     0.31     0.00     0.31    -0.28     0.00
 09/30/1992_24:00     0.03     0.00     0.05     0.01     0.25
 10/31/1992_24:00     0.13     0.00     0.00     0.29     0.50
 11/30/1992_24:00     0.46     0.00     0.00     0.57     1.00
 12/31/1992_24:00     0.33     0.00     0.00     0.85     1.00
 01/31/1993_24:00     0.18     0.00     0.00     1.00     1.00
 02/28/1993_24:00     0.02     0.00     0.00     1.00     1.00
 03/31/1993_24:00     0.00     0.00     0.00     0.90     1.00
 04/30/1993_24:00     0.04     0.00     0.04     0.33     1.00
 05/31/1993_24:00     0.45     0.00     0.45    -0.01     0.00
 06/30/1993_24:00     0.45     0.00     0.45    -0.03     0.00
 07/31/1993_24:00     0.42     0.00     0.42    -0.01     0.00
 08/31/1993_24:00     0.31     0.00     0.31    -0.28     0.00
 09/30/1993_24:00     0.03     0.00     0.05     0.01     0.25
 10/31/1993_24:00     0.13     0.00     0.00     0.29     0.50
 11/30/1993_24:00     0.46     0.00     0.00     0.57     1.00
 12/31/1993_24:00     0.33     0.00     0.00     0.85     1.00
 01/31/1994_24:00     0.18     0.00     0.00     1.00     1.00
 02/28/1994_24:00     0.02     0.00     0.00     1.00     1.00
 03/31/1994_24:00     0.00     0.00     0.00     0.90     1.00
 04/30/1994_24:00     0.04     0.00     0.04     0.33     1.00
 05/31/1994_24:00     0.45     0.00     0.45    -0.01     0.00
 06/30/1994_24:00     0.45     0.00     0.45    -0.03     0.00
 07/31/1994_24:00     0.42     0.00     0.42    -0.01     0.00
 08/31/1994_24:00     0.31     0.00     0.31    -0.28     0.00
 09/30/1994_24:00     0.03     0.00     0.05     0.01     0.25
 10/31/1994_24:00     0.12     0.00     0.00     0.29     0.50
 11/30/1994_24:00     0.36     0.00     0.00     0.57     1.00
 12/31/1994_24:00     0.26     0.00     0.00     0.85     1.00
 01/31/1995_24:00     0.14     0.00     0.00     1.00     1.00
 02/28/1995_24:00     0.02     0.00     0.00     1.00     1.00
 03/31/1995_24:00     0.00     0.00     0.00     0.90     1.00
 04/30/1995_24:00     0.02     0.00     0.02     0.33     1.00
 05/31/1995_24:00     0.32     0.00     0.32    -0.01     0.00
 06/30/1995_24:00     0.37     0.00     0.37    -0.03     0.00
 07/31/1995_24:00     0.34     0.00     0.34    -0.01     0.00
 08/31/1995_24:00     0.25     0.00     0.25    -0.28     0.00
 09/30/1995_24:00     0.01     0.00     0.02     0.01     0.25
 10/31/1995_24:00     0.12     0.00     0.00     0.29     0.50
 11/30/1995_24:00     0.36     0.00     0.00     0.57     1.00
 12/31/1995_24:00     0.26     0.00     0.00     0.85     1.00
 01/31/1996_24:00     0.14     0.00     0.00     1.00     1.00
 02/29/1996_24:00     0.02     0.00     0.00     1.00     1.00
 03/31/1996_24:00     0.00     0.00     0.00     0.90     1.00
 04/30/1996_24:00     0.02     0.00     0.02     0.33     1.00
 05/31/1996_24:00     0.32     0.00     0.32    -0.01     0.00
 06/30/1996_24:00     0.37     0.00     0.37    -0.03     0.00
 07/31/1996_24:00     0.34     0.00     0.34    -0.01     0.00
 08/31/1996_24:00     0.25     0.00     0.25    -0.28     0.00
 09/30/1996_24:00     0.01     0.00     0.02     0.01     0.25
 10/31/1996_24:00     0.12     0.00     0.00     0.29     0.50
 11/30/1996_24:00     0.36     0.00     0.00     0.57     1.00
 12/31/1996_24:00     0.26     0.00     0.00     0.85     1.00
 01/31/1997_24:00     0.14     0.00     0.00     1.00     1.00
 02/28/1997_24:00     0.02     0.00     0.00     1.00     1.00
 03/31/1997_24:00     0.00     0.00     0.00     0.90     1.00
 04/30/1997_24:00     0.02     0.00     0.02     0.33     1.00
 05/31/1997_24:00     0.32     0.00     0.32    -0.01     0.00
 06/30/1997_24:00     0.37     0.00     0.37    -0.03     0.00
 07/31/1997_24:00     0.34     0.00     0.34    -0.01     0.00
 08/31/1997_24:00     0.25     0.00     0.25    -0.28     0.00
 09/30/1997_24:00     0.01     0.00     0.02     0.01     0.25
 10/31/1997_24:00     0.12     0.00     0.00     0.29     0.50
 11/30/1997_24:00     0.36     0.00     0.00     0.57     1.00
 12/31/1997_24:00     0.26     0.00     0.00     0.85     1.00
 01/31/1998_24:00     0.14     0.00     0.00     1.00     1.00
 02/28/1998_24:00     0.02     0.00     0.00     1.00     1.00
 03/31/1998_24:00     0.00     0.00     0.00     0.90     1.00
 04/30/1998_24:00     0.02     0.00     0.02     0.33     1.00
 05/31/1998_24:00     0.32     0.00     0.32    -0.01     0.00
 06/30/1998_24:00     0.37     0.00     0.37    -0.03     0.00
 07/31/1998_24:00     0.34     0.00     0.34    -0.01     0.00
 08/31/1998_24:00     0.25     0.00     0.25    -0.28     0.00
 09/30/1998_24:00     0.01     0.00     0.02     0.01     0.25
 10/31/1998_24:00     0.12     0.00     0.00     0.29     0.50
 11/30/1998_24:00     0.36     0.00     0.00     0.57     1.00
 12/31/1998_24:00     0.26     0.00     0.00     0.85     1.00
 01/31/1999_24:00     0.14     0.00     0.00     1.00     1.00
 02/28/1999_24:00     0.02     0.00     0.00     1.00     1.00
 03/31/1999_24:00     0.00     0.00     0.00     0.90     1.00
 04/30/1999_24:00     0.02     0.00     0.02     0.33     1.00
 05/31/1999_24:00     0.32     0.00     0.32    -0.01     0.00
 06/30/1999_24:00     0.37     0.00     0.37    -0.03     0.00
 07/31/1999_24:00     0.34     0.00     0.34    -0.01     0.00
 08/31/1999_24:00     0.25     0.00     0.25    -0.28     0.00
 09/30/1999_24:00     0.01     0.00     0.02     0.01     0.25
 10/31/1999_24:00     0.12     0.00     0.00     0.29     0.50
 11/30/1999_24:00     0.36     0.00     0.00     0.57     1.00
 12/31/1999_24:00     0.26     0.00     0.00     0.85     1.00
 01/31/2000_24:00     0.14     0.00     0.00     1.00     1.00
 02/29/2000_24:00     0.02     0.00     0.00     1.00     1.00
 03/31/2000_24:00     0.00     0.00     0.00     0.90     1.00
 04/30/2000_24:00     0.02     0.00     0.02     0.33     1.00
 05/31/2000_24:00     0.32     0.00     0.32    -0.01     0.00
 06/30/2000_24:00     0.37     0.00     0.37    -0.03     0.00
 07/31/2000_24:00     0.34     0.00     0.34    -0.01     0.00
 08/31/2000_24:00     0.25     0.00     0.25    -0.28     0.00
 09/30/2000_24:00     0.01     0.00     0.02     0.01     0.25
 10/31/2000_24:00     0.12     0.00     0.00     0.29     0.50
 11/30/2000_24:00     0.36     0.00     0.00     0.57     1.00
 12/31/2000_24:00     0.26     0.00     0.00     0.85     1.00
 01/31/2001_24:00     0.14     0.00     0.00     1.00     1.00
 02/28/2001_24:00     0.02     0.00     0.00     1.00     1.00
 03/31/2001_24:00     0.00     0.00     0.00     0.90     1.00
 04/30/2001_24:00     0.02     0.00     0.02     0.33     1.00
 05/31/2001_24:00     0.32     0.00     0.32    -0.01     0.00
 06/30/2001_24:00     0.37     0.00     0.37    -0.03     0.00
 07/31/2001_24:00     0.34     0.00     0.34    -0.01     0.00
 08/31/2001_24:00     0.25     0.00     0.25    -0.28     0.00
 09/30/2001_24:00     0.01     0.00     0.02     0.01     0.25
 10/31/2001_24:00     0.12     0.00     0.00     0.29     0.50
 11/30/2001_24:00     0.36     0.00     0.00     0.57     1.00
 12/31/2001_24:00     0.26     0.00     0.00     0.85     1.00
 01/31/2002_24:00     0.14     0.00     0.00     1.00     1.00
 02/28/2002_24:00     0.02     0.00     0.00     1.00     1.00
 03/31/2002_24:00     0.00     0.00     0.00     0.90     1.00
 04/30/2002_24:00     0.02     0.00     0.02     0.33     1.00
 05/31/2002_24:00     0.32     0.00     0.32    -0.01     0.00
 06/30/2002_24:00     0.37     0.00     0.37    -0.03     0.00
 07/31/2002_24:00     0.34     0.00     0.34    -0.01     0.00
 08/31/2002_24:00     0.25     0.00     0.25    -0.28     0.00
 09/30/2002_24:00     0.01     0.00     0.02     0.01     0.25
 10/31/2002_24:00     0.12     0.00     0.00     0.29     0.50
 11/30/2002_24:00     0.36     0.00     0.00     0.57     1.00
 12/31/2002_24:00     0.26     0.00     0.00     0.85     1.00
 01/31/2003_24:00     0.14     0.00     0.00     1.00     1.00
 02/28/2003_24:00     0.02     0.00     0.00     1.00     1.00
 03/31/2003_24:00     0.00     0.00     0.00     0.90     1.00
 04/30/2003_24:00     0.02     0.00     0.02     0.33     1.00
 05/31/2003_24:00     0.32     0.00     0.32    -0.01     0.00
 06/30/2003_24:00     0.37     0.00     0.37    -0.03     0.00
 07/31/2003_24:00     0.34     0.00     0.34    -0.01     0.00
 08/31/2003_24:00     0.25     0.00     0.25    -0.28     0.00
 09/30/2003_24:00     0.01     0.00     0.02     0.01     0.25
 10/31/2003_24:00     0.12     0.00     0.00     0.29     0.50
 11/30/2003_24:00     0.36     0.00     0.00     0.57     1.00
 12/31/2003_24:00     0.26     0.00     0.00     0.85     1.00
 01/31/2004_24:00     0.14     0.00     0.00     1.00     1.00
 02/29/2004_24:00     0.02     0.00     0.00     1.00     1.00
 03/31/2004_24:00     0.00     0.00     0.00     0.90     1.00
 04/30/2004_24:00     0.02     0.00     0.02     0.33     1.00
 05/31/2004_24:00     0.32     0.00     0.32    -0.01     0.00
 06/30/2004_24:00     0.37     0.00     0.37    -0.03     0.00
 07/31/2004_24:00     0.34     0.00     0.34    -0.01     0.00
 08/31/2004_24:00     0.25     0.00     0.25    -0.28     0.00
 09/30/2004_24:00     0.01     0.00     0.02     0.01     0.25
 10/31/2004_24:00     0.12     0.00     0.00     0.29     0.50
 11/30/2004_24:00     0.36     0.00     0.00     0.57     1.00
 12/31/2004_24:00     0.26     0.00     0.00     0.85     1.00
 01/31/2005_24:00     0.14     0.00     0.00     1.00     1.00
 02/28/2005_24:00     0.02     0.00     0.00     1.00     1.00
 03/31/2005_24:00     0.00     0.00     0.00     0.90     1.00
 04/30/2005_24:00     0.02     0.00     0.02     0.33     1.00
 05/31/2005_24:00     0.33     0.00     0.33    -0.01     0.00
 06/30/2005_24:00     0.37     0.00     0.37    -0.03     0.00
 07/31/2005_24:00     0.33     0.00     0.33    -0.01     0.00
 08/31/2005_24:00     0.23     0.00     0.23    -0.28     0.00
 09/30/2005_24:00     0.01     0.00     0.02     0.01     0.25
 10/31/2005_24:00     0.12     0.00     0.00     0.29     0.50
 11/30/2005_24:00     0.36     0.00     0.00     0.57     1.00
 12/31/2005_24:00     0.26     0.00     0.00     0.85     1.00
 01/31/2006_24:00     0.14     0.00     0.00     1.00     1.00
 02/28/2006_24:00     0.02     0.00     0.00     1.00     1.00
 03/31/2006_24:00     0.00     0.00     0.00     0.90     1.00
 04/30/2006_24:00     0.02     0.00     0.02     0.33     1.00
 05/31/2006_24:00     0.33     0.00     0.33    -0.01     0.00
 06/30/2006_24:00     0.37     0.00     0.37    -0.03     0.00
 07/31/2006_24:00     0.33     0.00     0.33    -0.01     0.00
 08/31/2006_24:00     0.23     0.00     0.23    -0.28     0.00
 09/30/2006_24:00     0.01     0.00     0.02     0.01     0.25
 10/31/2006_24:00     0.12     0.00     0.00     0.29     0.50
 11/30/2006_24:00     0.36     0.00     0.00     0.57     1.00
 12/31/2006_24:00     0.26     0.00     0.00     0.85     1.00
 01/31/2007_24:00     0.14     0.00     0.00     1.00     1.00
 02/28/2007_24:00     0.02     0.00     0.00     1.00     1.00
 03/31/2007_24:00     0.00     0.00     0.00     0.90     1.00
 04/30/2007_24:00     0.02     0.00     0.02     0.33     1.00
 05/31/2007_24:00     0.33     0.00     0.33    -0.01     0.00
 06/30/2007_24:00     0.37     0.00     0.37    -0.03     0.00
 07/31/2007_24:00     0.33     0.00     0.33    -0.01     0.00
 08/31/2007_24:00     0.23     0.00     0.23    -0.28     0.00
 09/30/2007_24:00     0.01     0.00     0.02     0.01     0.25
 10/31/2007_24:00     0.12     0.00     0.00     0.29     0.50
 11/30/2007_24:00     0.36     0.00     0.00     0.57     1.00
 12/31/2007_24:00     0.26     0.00     0.00     0.85     1.00
 01/31/2008_24:00     0.14     0.00     0.00     1.00     1.00
 02/29/2008_24:00     0.02     0.00     0.00     1.00     1.00
 03/31/2008_24:00     0.00     0.00     0.00     0.90     1.00
 04/30/2008_24:00     0.02     0.00     0.02     0.33     1.00
 05/31/2008_24:00     0.33     0.00     0.33    -0.01     0.00
 06/30/2008_24:00     0.37     0.00     0.37    -0.03     0.00
 07/31/2008_24:00     0.33     0.00     0.33    -0.01     0.00
 08/31/2008_24:00     0.23     0.00     0.23    -0.28     0.00
 09/30/2008_24:00     0.01     0.00     0.02     0.01     0.25
 10/31/2008_24:00     0.12     0.00     0.00     0.29     0.50
 11/30/2008_24:00     0.36     0.00     0.00     0.57     1.00
 12/31/2008_24:00     0.26     0.00     0.00     0.85     1.00
 01/31/2009_24:00     0.14     0.00     0.00     1.00     1.00
 02/28/2009_24:00     0.02     0.00     0.00     1.00     1.00
 03/31/2009_24:00     0.00     0.00     0.00     0.90     1.00
 04/30/2009_24:00     0.02     0.00     0.02     0.33     1.00
 05/31/2009_24:00     0.33     0.00     0.33    -0.01     0.00
 06/30/2009_24:00     0.37     0.00     0.37    -0.03     0.00
 07/31/2009_24:00     0.33     0.00     0.33    -0.01     0.00
 08/31/2009_24:00     0.23     0.00     0.23    -0.28     0.00
 09/30/2009_24:00     0.01     0.00     0.02     0.01     0.25
 10/31/2009_24:00     0.12     0.00     0.00     0.29     0.50
 11/30/2009_24:00     0.36     0.00     0.00     0.57     1.00
 12/31/2009_24:00     0.26     0.00     0.00     0.85     1.00
 01/31/2010_24:00     0.14     0.00     0.00     1.00     1.00
 02/28/2010_24:00     0.02     0.00     0.00     1.00     1.00
 03/31/2010_24:00     0.00     0.00     0.00     0.90     1.00
 04/30/2010_24:00     0.02     0.00     0.02     0.33     1.00
 05/31/2010_24:00     0.33     0.00     0.33    -0.01     0.00
 06/30/2010_24:00     0.37     0.00     0.37    -0.03     0.00
 07/31/2010_24:00     0.33     0.00     0.33    -0.01     0.00
 08/31/2010_24:00     0.23     0.00     0.23    -0.28     0.00
 09/30/2010_24:00     0.01     0.00     0.02     0.01     0.25
 10/31/2010_24:00     0.12     0.00     0.00     0.29     0.50
 11/30/2010_24:00     0.36     0.00     0.00     0.57     1.00
 12/31/2010_24:00     0.26     0.00     0.00     0.85     1.00
 01/31/2011_24:00     0.14     0.00     0.00     1.00     1.00
 02/28/2011_24:00     0.02     0.00     0.00     1.00     1.00
 03/31/2011_24:00     0.00     0.00     0.00     0.90     1.00
 04/30/2011_24:00     0.02     0.00     0.02     0.33     1.00
 05/31/2011_24:00     0.33     0.00     0.33    -0.01     0.00
 06/30/2011_24:00     0.37     0.00     0.37    -0.03     0.00
 07/31/2011_24:00     0.33     0.00     0.33    -0.01     0.00
 08/31/2011_24:00     0.23     0.00     0.23    -0.28     0.00
 09/30/2011_24:00     0.01     0.00     0.02     0.01     0.25
 10/31/2011_24:00     0.12     0.00     0.00     0.29     0.50
 11/30/2011_24:00     0.36     0.00     0.00     0.57     1.00
 12/31/2011_24:00     0.26     0.00     0.00     0.85     1.00
 01/31/2012_24:00     0.14     0.00     0.00     1.00     1.00
 02/29/2012_24:00     0.02     0.00     0.00     1.00     1.00
 03/31/2012_24:00     0.00     0.00     0.00     0.90     1.00
 04/30/2012_24:00     0.02     0.00     0.02     0.33     1.00
 05/31/2012_24:00     0.33     0.00     0.33    -0.01     0.00
 06/30/2012_24:00     0.37     0.00     0.37    -0.03     0.00
 07/31/2012_24:00     0.33     0.00     0.33    -0.01     0.00
 08/31/2012_24:00     0.23     0.00     0.23    -0.28     0.00
 09/30/2012_24:00     0.01     0.00     0.02     0.01     0.25
 10/31/2012_24:00     0.12     0.00     0.00     0.29     0.50
 11/30/2012_24:00     0.36     0.00     0.00     0.57     1.00
 12/31/2012_24:00     0.26     0.00     0.00     0.85     1.00
 01/31/2013_24:00     0.14     0.00     0.00     1.00     1.00
 02/28/2013_24:00     0.02     0.00     0.00     1.00     1.00
 03/31/2013_24:00     0.00     0.00     0.00     0.90     1.00
 04/30/2013_24:00     0.02     0.00     0.02     0.33     1.00
 05/31/2013_24:00     0.33     0.00     0.33    -0.01     0.00
 06/30/2013_24:00     0.37     0.00     0.37    -0.03     0.00
 07/31/2013_24:00     0.33     0.00     0.33    -0.01     0.00
 08/31/2013_24:00     0.23     0.00     0.23    -0.28     0.00
 09/30/2013_24:00     0.01     0.00     0.02     0.01     0.25
 10/31/2013_24:00     0.12     0.00     0.00     0.29     0.50
 11/30/2013_24:00     0.36     0.00     0.00     0.57     1.00
 12/31/2013_24:00     0.26     0.00     0.00     0.85     1.00
 01/31/2014_24:00     0.14     0.00     0.00     1.00     1.00
 02/28/2014_24:00     0.02     0.00     0.00     1.00     1.00
 03/31/2014_24:00     0.00     0.00     0.00     0.90     1.00
 04/30/2014_24:00     0.02     0.00     0.02     0.33     1.00
 05/31/2014_24:00     0.33     0.00     0.33    -0.01     0.00
 06/30/2014_24:00     0.37     0.00     0.37    -0.03     0.00
 07/31/2014_24:00     0.33     0.00     0.33    -0.01     0.00
 08/31/2014_24:00     0.23     0.00     0.23    -0.28     0.00
 09/30/2014_24:00     0.01     0.00     0.02     0.01     0.25
 10/31/2014_24:00     0.15     1.00     0.00     0.29     0.50
 11/30/2014_24:00     0.37     2.00     0.00     0.57     1.00
 12/31/2014_24:00     0.26     3.00     0.00     0.85     1.00
 01/31/2015_24:00     0.14     4.00     0.00     1.00     1.00
 02/28/2015_24:00     0.02     5.00     0.00     1.00     1.00
 03/31/2015_24:00     0.00     6.00     0.00     0.91     1.00
 04/30/2015_24:00     0.06     7.00     0.06     0.34     1.00
 05/31/2015_24:00     0.39     8.00     0.39    -0.01     0.00
 06/30/2015_24:00     0.36     9.00     0.36    -0.03     0.00
 07/31/2015_24:00     0.33    10.00     0.33    -0.01     0.00
 08/31/2015_24:00     0.18    11.00     0.18    -0.28     0.00
 09/30/2015_24:00    -0.03    12.00     0.01     0.01     0.25
C-------------------------------------------------------------------------------
C                           Pathnames for Pond Depths
C                             (READ FROM DSS FILE)
C
C   List the pathnames for pond depths below, if it will be 
C   read from a DSS file (i.e. DSSFL is specified above).
C
C   REC  ;  Time series record number
C   PATH ;  Pathname for the time series record 
C
C----------------------------------------------------------------------------------------------------------- 
C   REC     PATH
C-----------------------------------------------------------------------------------------------------------
*
*
