C*******************************************************************************
C
C                  INTEGRATED WATER FLOW MODEL (IWFM)
C
C*******************************************************************************
C
C                   TIME SERIES BOUNDARY CONDITION DATA
C                        Groundwater Component
C                         *** Version 4.0 ***
C
C
C             Project:  C2VSim Coarse Grid (C2VSimCG)
C                       California Central Valley Groundwater-Surface Water Simulation Model
C             Filename: C2VSimCG_TimeSeriesBC.dat
C             Version:  C2VSimCG v2025 
C
C*******************************************************************************
C
C  California Central Valley Groundwater-Surface Water Flow Model - Coarse Grid (C2VSimCG)
C  Copyright (C) 2003-2025
C  State of California, Department of Water Resources 
C
C  This model is free: you can redistribute it and/or modify it 
C  under the terms of the GNU General Public License as published 
C  by the Free Software Foundation, either version 3 of the License, 
C  or (at your option) any later version.
C
C  This model is distributed in the hope that it will be useful, but  
C  WITHOUT ANY WARRANTY; without even the implied warranty of MERCHANTABILITY
C  or FITNESS FOR A PARTICULAR PURPOSE. See the GNU General Public 
C  License for more details.
C
C  You should have received a copy of the GNU General Public License 
C  along with this model. If not, see (https://www.gnu.org/licenses/).
C
C  For technical support, e-mail: IWFMtechsupport@water.ca.gov 
C
C*******************************************************************************
C                          File Description
C
C   This data file contains the time series data for the specified flow, specified  
C   head, general head and/or constrained general head boundary conditions. The file  
C   provides time series data for the groundwater nodes specified in Boundary Conditions  
C   Data File.
C
C*******************************************************************************
C                    Time Series Boundary Condition Specifications
C
C   The following lists the time series values for the groundwater nodes 
C   specified in Boundary Conditions Data File. 
C
C   NBTSD  ; Number of columns (or pathnames if DSS files are used) 
C   FACTHTS; Conversion factor for head values 
C   FACTQTS; Conversion factor for flow values 
C             It is used to convert only the spatial component of the unit; 
C             DO NOT include the conversion factor for time component of the unit.
C             * e.g. Unit of flow listed in this file          = AC-FT/MONTH
C                    Consistent unit used in simulation        = CU.FT/DAY 
C                    Enter FACTQTS (AC-FT/MONTH -> CU.FT/MONTH)= 43560.0 
C                     (conversion of MONTH -> DAY is performed automatically) 
C   NSPHTS;  Number of time steps to update the time series boundary condition data
C             * Enter any number if time-tracking option is on
C   NFQHTS;  Repetition frequency of the time series boundary condition data 
C             * Enter 0 if full time series data is supplied
C             * Enter any number if time-tracking option is on
C   DSSFL ;  The name of the DSS file for data input (maximum 50 characters); 
C             * Leave blank if DSS file is not used for data input
C
C-------------------------------------------------------------------------------
C         VALUE                                      DESCRIPTION
C-------------------------------------------------------------------------------
          6                                          / NBTSD   
          1                                          / FACTHTS
          1                                          / FACTQTS
          0                                          / NSPHTS  
          0                                          / NFQHTS  
                                                     / DSSFL
C-------------------------------------------------------------------------------
C                    Time Series Boundary Condition Data
C                         (READ FROM THIS FILE)
C
C   List the time series boundary condition data below, if it will not be read 
C   from a DSS file (i.e. DSSFL is left blank above).
C
C   ITHTS;  Time
C   HQTS ;  Time series boundary values; [L] or [L^3/T] 
C
C----------------------------------------------------------------------------------------------------------- 
C   ITHTS   HQTS(1)  HQTS(2)  HQTS(3) ...
C-----------------------------------------------------------------------------------------------------------
C                          1         2         3         4         5         6 
  10/31/1973_24:00    429.82    217.53    130.04   9999.00   9999.00   9999.00
  11/30/1973_24:00    436.08    209.75    130.04   9999.00   9999.00   9999.00
  12/31/1973_24:00    449.15    211.76    130.04   9999.00   9999.00   9999.00
  01/31/1974_24:00    451.10    209.61    130.04   9999.00   9999.00   9999.00
  02/28/1974_24:00    444.79    214.58    130.04   9999.00   9999.00   9999.00
  03/31/1974_24:00    455.70    219.98    130.04   9999.00   9999.00   9999.00
  04/30/1974_24:00    465.95    222.29    130.04   9999.00   9999.00   9999.00
  05/31/1974_24:00    462.87    227.70    130.04   9999.00   9999.00   9999.00
  06/30/1974_24:00    456.95    231.84    130.04   9999.00   9999.00   9999.00
  07/31/1974_24:00    447.14    229.25    130.04   9999.00   9999.00   9999.00
  08/31/1974_24:00    438.81    226.51    130.04   9999.00   9999.00   9999.00
  09/30/1974_24:00    435.59    222.27    130.04   9999.00   9999.00   9999.00
  10/31/1974_24:00    429.27    217.43    130.04   9999.00   9999.00   9999.00
  11/30/1974_24:00    427.17    215.34    130.04   9999.00   9999.00   9999.00
  12/31/1974_24:00    429.42    214.69    130.04   9999.00   9999.00   9999.00
  01/31/1975_24:00    433.81    215.88    130.04   9999.00   9999.00   9999.00
  02/28/1975_24:00    445.49    220.23    130.04   9999.00   9999.00   9999.00
  03/31/1975_24:00    451.60    222.18    130.04   9999.00   9999.00   9999.00
  04/30/1975_24:00    460.57    222.10    130.04   9999.00   9999.00   9999.00
  05/31/1975_24:00    462.87    225.05    130.04   9999.00   9999.00   9999.00
  06/30/1975_24:00    459.73    231.27    130.04   9999.00   9999.00   9999.00
  07/31/1975_24:00    450.23    229.71    130.04   9999.00   9999.00   9999.00
  08/31/1975_24:00    440.74    225.82    130.04   9999.00   9999.00   9999.00
  09/30/1975_24:00    437.88    222.46    130.04   9999.00   9999.00   9999.00
  10/31/1975_24:00    433.09    217.91    131.52   9999.00   9999.00   9999.00
  11/30/1975_24:00    432.31    215.06    131.52   9999.00   9999.00   9999.00
  12/31/1975_24:00    431.78    216.35    131.52   9999.00   9999.00   9999.00
  01/31/1976_24:00    431.07    216.93    131.52   9999.00   9999.00   9999.00
  02/29/1976_24:00    429.17    216.44    131.52   9999.00   9999.00   9999.00
  03/31/1976_24:00    435.46    214.75    131.52   9999.00   9999.00   9999.00
  04/30/1976_24:00    441.30    212.82    131.52   9999.00   9999.00   9999.00
  05/31/1976_24:00    449.44    209.63    131.52   9999.00   9999.00   9999.00
  06/30/1976_24:00    447.96    205.92    131.52   9999.00   9999.00   9999.00
  07/31/1976_24:00    443.08    202.09    131.52   9999.00   9999.00   9999.00
  08/31/1976_24:00    438.01    198.83    131.52   9999.00   9999.00   9999.00
  09/30/1976_24:00    431.88    196.48    131.52   9999.00   9999.00   9999.00
  10/31/1976_24:00    424.64    194.74    131.52   9999.00   9999.00   9999.00
  11/30/1976_24:00    420.23    193.97    131.52   9999.00   9999.00   9999.00
  12/31/1976_24:00    419.80    193.16    131.52   9999.00   9999.00   9999.00
  01/31/1977_24:00    420.17    192.65    131.52   9999.00   9999.00   9999.00
  02/28/1977_24:00    420.48    190.93    131.52   9999.00   9999.00   9999.00
  03/31/1977_24:00    421.35    187.73    131.52   9999.00   9999.00   9999.00
  04/30/1977_24:00    424.43    184.10    131.52   9999.00   9999.00   9999.00
  05/31/1977_24:00    427.77    180.98    131.52   9999.00   9999.00   9999.00
  06/30/1977_24:00    424.41    176.22    131.52   9999.00   9999.00   9999.00
  07/31/1977_24:00    417.50    170.09    131.52   9999.00   9999.00   9999.00
  08/31/1977_24:00    410.02    163.88    131.52   9999.00   9999.00   9999.00
  09/30/1977_24:00    402.81    158.92    131.52   9999.00   9999.00   9999.00
  10/31/1977_24:00    398.31    157.80    130.59   9999.00   9999.00   9999.00
  11/30/1977_24:00    398.56    155.23    130.59   9999.00   9999.00   9999.00
  12/31/1977_24:00    413.00    152.59    130.59   9999.00   9999.00   9999.00
  01/31/1978_24:00    443.06    165.95    130.59   9999.00   9999.00   9999.00
  02/28/1978_24:00    447.89    180.06    130.59   9999.00   9999.00   9999.00
  03/31/1978_24:00    454.67    192.58    130.59   9999.00   9999.00   9999.00
  04/30/1978_24:00    466.88    202.98    130.59   9999.00   9999.00   9999.00
  05/31/1978_24:00    469.68    212.71    130.59   9999.00   9999.00   9999.00
  06/30/1978_24:00    464.14    229.23    130.59   9999.00   9999.00   9999.00
  07/31/1978_24:00    454.40    229.75    130.59   9999.00   9999.00   9999.00
  08/31/1978_24:00    443.77    226.67    130.59   9999.00   9999.00   9999.00
  09/30/1978_24:00    441.40    222.74    130.59   9999.00   9999.00   9999.00
  10/31/1978_24:00    434.13    217.88    131.94   9999.00   9999.00   9999.00
  11/30/1978_24:00    430.15    215.95    131.94   9999.00   9999.00   9999.00
  12/31/1978_24:00    428.82    215.73    131.94   9999.00   9999.00   9999.00
  01/31/1979_24:00    431.12    218.35    131.94   9999.00   9999.00   9999.00
  02/28/1979_24:00    437.66    220.28    131.94   9999.00   9999.00   9999.00
  03/31/1979_24:00    452.51    222.24    131.94   9999.00   9999.00   9999.00
  04/30/1979_24:00    463.08    227.90    131.94   9999.00   9999.00   9999.00
  05/31/1979_24:00    463.05    234.43    131.94   9999.00   9999.00   9999.00
  06/30/1979_24:00    455.36    233.97    131.94   9999.00   9999.00   9999.00
  07/31/1979_24:00    445.70    231.06    131.94   9999.00   9999.00   9999.00
  08/31/1979_24:00    438.38    226.63    131.94   9999.00   9999.00   9999.00
  09/30/1979_24:00    434.23    223.39    131.94   9999.00   9999.00   9999.00
  10/31/1979_24:00    425.79    219.57    130.59   9999.00   9999.00   9999.00
  11/30/1979_24:00    426.79    216.18    130.59   9999.00   9999.00   9999.00
  12/31/1979_24:00    432.27    216.29    130.59   9999.00   9999.00   9999.00
  01/31/1980_24:00    449.75    215.40    130.59   9999.00   9999.00   9999.00
  02/29/1980_24:00    454.20    215.63    130.59   9999.00   9999.00   9999.00
  03/31/1980_24:00    452.47    212.19    130.59   9999.00   9999.00   9999.00
  04/30/1980_24:00    459.36    215.15    130.59   9999.00   9999.00   9999.00
  05/31/1980_24:00    458.90    217.82    130.59   9999.00   9999.00   9999.00
  06/30/1980_24:00    455.10    222.71    130.59   9999.00   9999.00   9999.00
  07/31/1980_24:00    446.82    224.51    130.59   9999.00   9999.00   9999.00
  08/31/1980_24:00    438.44    222.72    130.59   9999.00   9999.00   9999.00
  09/30/1980_24:00    432.34    220.46    130.59   9999.00   9999.00   9999.00
  10/31/1980_24:00    421.77    216.51    130.12   9999.00   9999.00   9999.00
  11/30/1980_24:00    422.40    214.37    130.12   9999.00   9999.00   9999.00
  12/31/1980_24:00    425.87    213.08    130.12   9999.00   9999.00   9999.00
  01/31/1981_24:00    431.47    215.59    125.36   9999.00   9999.00   9999.00
  02/28/1981_24:00    452.38    216.95    124.73   9999.00   9999.00   9999.00
  03/31/1981_24:00    456.78    220.43    124.79   9999.00   9999.00   9999.00
  04/30/1981_24:00    462.88    220.82    125.33   9999.00   9999.00   9999.00
  05/31/1981_24:00    460.18    219.03    126.66   9999.00   9999.00   9999.00
  06/30/1981_24:00    455.62    216.15    126.46   9999.00   9999.00   9999.00
  07/31/1981_24:00    451.15    214.99    127.04   9999.00   9999.00   9999.00
  08/31/1981_24:00    450.20    213.17    126.42   9999.00   9999.00   9999.00
  09/30/1981_24:00    447.95    209.58    125.29   9999.00   9999.00   9999.00
  10/31/1981_24:00    445.23    210.43    125.27   9999.00   9999.00   9999.00
  11/30/1981_24:00    447.31    212.81    125.57   9999.00   9999.00   9999.00
  12/31/1981_24:00    452.33    212.57    127.65   9999.00   9999.00   9999.00
  01/31/1982_24:00    445.65    209.03    126.83   9999.00   9999.00   9999.00
  02/28/1982_24:00    449.40    216.21    126.81   9999.00   9999.00   9999.00
  03/31/1982_24:00    456.83    219.39    126.96   9999.00   9999.00   9999.00
  04/30/1982_24:00    467.05    224.07    127.42   9999.00   9999.00   9999.00
  05/31/1982_24:00    463.45    228.74    126.50   9999.00   9999.00   9999.00
  06/30/1982_24:00    452.06    234.10    126.62   9999.00   9999.00   9999.00
  07/31/1982_24:00    448.34    230.42    126.82   9999.00   9999.00   9999.00
  08/31/1982_24:00    444.10    227.86    127.20   9999.00   9999.00   9999.00
  09/30/1982_24:00    440.28    224.40    126.97   9999.00   9999.00   9999.00
  10/31/1982_24:00    433.02    218.85    126.11   9999.00   9999.00   9999.00
  11/30/1982_24:00    431.89    211.20    126.27   9999.00   9999.00   9999.00
  12/31/1982_24:00    432.57    210.99    126.66   9999.00   9999.00   9999.00
  01/31/1983_24:00    438.71    214.79    126.98   9999.00   9999.00   9999.00
  02/28/1983_24:00    444.95    216.13    127.76   9999.00   9999.00   9999.00
  03/31/1983_24:00    453.22    217.64    127.95   9999.00   9999.00   9999.00
  04/30/1983_24:00    462.47    209.78    127.35   9999.00   9999.00   9999.00
  05/31/1983_24:00    468.49    211.15    127.89   9999.00   9999.00   9999.00
  06/30/1983_24:00    463.70    231.66    128.60   9999.00   9999.00   9999.00
  07/31/1983_24:00    459.45    233.24    129.18   9999.00   9999.00   9999.00
  08/31/1983_24:00    454.89    230.94    130.99   9999.00   9999.00   9999.00
  09/30/1983_24:00    445.25    224.80    130.49   9999.00   9999.00   9999.00
  10/31/1983_24:00    435.76    217.44    130.02   9999.00   9999.00   9999.00
  11/30/1983_24:00    437.70    212.77    131.02   9999.00   9999.00   9999.00
  12/31/1983_24:00    438.39    210.59    130.37   9999.00   9999.00   9999.00
  01/31/1984_24:00    441.60    206.16    130.08   9999.00   9999.00   9999.00
  02/29/1984_24:00    450.12    208.37    129.20   9999.00   9999.00   9999.00
  03/31/1984_24:00    462.19    211.32    127.47   9999.00   9999.00   9999.00
  04/30/1984_24:00    465.53    214.55    127.38   9999.00   9999.00   9999.00
  05/31/1984_24:00    461.68    226.24    128.14   9999.00   9999.00   9999.00
  06/30/1984_24:00    456.90    232.42    127.52   9999.00   9999.00   9999.00
  07/31/1984_24:00    454.37    232.08    127.83   9999.00   9999.00   9999.00
  08/31/1984_24:00    447.84    229.83    128.07   9999.00   9999.00   9999.00
  09/30/1984_24:00    440.21    224.58    126.90   9999.00   9999.00   9999.00
  10/31/1984_24:00    434.46    220.17    126.63   9999.00   9999.00   9999.00
  11/30/1984_24:00    437.19    218.23    127.67   9999.00   9999.00   9999.00
  12/31/1984_24:00    443.69    216.51    127.47   9999.00   9999.00   9999.00
  01/31/1985_24:00    444.21    216.18    125.83   9999.00   9999.00   9999.00
  02/28/1985_24:00    447.46    215.35    126.55   9999.00   9999.00   9999.00
  03/31/1985_24:00    449.98    219.25    129.30   9999.00   9999.00   9999.00
  04/30/1985_24:00    454.95    223.69    129.82   9999.00   9999.00   9999.00
  05/31/1985_24:00    454.05    219.86    127.45   9999.00   9999.00   9999.00
  06/30/1985_24:00    453.37    216.60    127.67   9999.00   9999.00   9999.00
  07/31/1985_24:00    448.66    212.40    130.33   9999.00   9999.00   9999.00
  08/31/1985_24:00    444.55    209.10    131.92   9999.00   9999.00   9999.00
  09/30/1985_24:00    445.31    207.81    129.16   9999.00   9999.00   9999.00
  10/31/1985_24:00    441.24    209.68    129.92   9999.00   9999.00   9999.00
  11/30/1985_24:00    438.47    211.50    135.10   9999.00   9999.00   9999.00
  12/31/1985_24:00    439.64    214.44    133.60   9999.00   9999.00   9999.00
  01/31/1986_24:00    443.66    217.36    128.32   9999.00   9999.00   9999.00
  02/28/1986_24:00    453.27    232.83    130.89   9999.00   9999.00   9999.00
  03/31/1986_24:00    442.52    222.19    130.73   9999.00   9999.00   9999.00
  04/30/1986_24:00    455.46    216.62    128.43   9999.00   9999.00   9999.00
  05/31/1986_24:00    457.90    225.99    129.70   9999.00   9999.00   9999.00
  06/30/1986_24:00    456.14    232.96    128.67   9999.00   9999.00   9999.00
  07/31/1986_24:00    454.85    230.00    130.50   9999.00   9999.00   9999.00
  08/31/1986_24:00    447.89    225.62    129.70   9999.00   9999.00   9999.00
  09/30/1986_24:00    437.33    222.33    127.34   9999.00   9999.00   9999.00
  10/31/1986_24:00    429.69    219.41    127.63   9999.00   9999.00   9999.00
  11/30/1986_24:00    426.78    216.33    131.81   9999.00   9999.00   9999.00
  12/31/1986_24:00    425.83    212.84    133.40   9999.00   9999.00   9999.00
  01/31/1987_24:00    428.95    209.60    131.78   9999.00   9999.00   9999.00
  02/28/1987_24:00    434.74    208.69    129.54   9999.00   9999.00   9999.00
  03/31/1987_24:00    445.55    207.64    129.58   9999.00   9999.00   9999.00
  04/30/1987_24:00    452.11    204.92    128.42   9999.00   9999.00   9999.00
  05/31/1987_24:00    452.23    200.88    129.90   9999.00   9999.00   9999.00
  06/30/1987_24:00    451.51    196.08    129.85   9999.00   9999.00   9999.00
  07/31/1987_24:00    450.26    190.70    130.27   9999.00   9999.00   9999.00
  08/31/1987_24:00    446.98    185.20    131.37   9999.00   9999.00   9999.00
  09/30/1987_24:00    439.91    180.55    132.05   9999.00   9999.00   9999.00
  10/31/1987_24:00    433.90    178.12    133.92   9999.00   9999.00   9999.00
  11/30/1987_24:00    431.88    176.73    132.22   9999.00   9999.00   9999.00
  12/31/1987_24:00    439.58    175.33    131.10   9999.00   9999.00   9999.00
  01/31/1988_24:00    439.98    177.96    130.24   9999.00   9999.00   9999.00
  02/29/1988_24:00    444.85    178.50    130.34   9999.00   9999.00   9999.00
  03/31/1988_24:00    448.61    175.32    130.22   9999.00   9999.00   9999.00
  04/30/1988_24:00    446.85    171.90    130.90   9999.00   9999.00   9999.00
  05/31/1988_24:00    448.20    167.81    129.75   9999.00   9999.00   9999.00
  06/30/1988_24:00    447.69    160.42    129.80   9999.00   9999.00   9999.00
  07/31/1988_24:00    445.71    149.16    131.07   9999.00   9999.00   9999.00
  08/31/1988_24:00    444.31    138.16    130.94   9999.00   9999.00   9999.00
  09/30/1988_24:00    441.40    125.73    131.39   9999.00   9999.00   9999.00
  10/31/1988_24:00    435.37    126.12    130.28   9999.00   9999.00   9999.00
  11/30/1988_24:00    433.74    125.99    130.39   9999.00   9999.00   9999.00
  12/31/1988_24:00    437.09    125.75    129.89   9999.00   9999.00   9999.00
  01/31/1989_24:00    439.42    125.55    131.51   9999.00   9999.00   9999.00
  02/28/1989_24:00    442.93    125.26    131.66   9999.00   9999.00   9999.00
  03/31/1989_24:00    453.69    138.43    130.40   9999.00   9999.00   9999.00
  04/30/1989_24:00    466.81    169.37    132.38   9999.00   9999.00   9999.00
  05/31/1989_24:00    465.81    184.77    130.07   9999.00   9999.00   9999.00
  06/30/1989_24:00    463.26    191.30    129.45   9999.00   9999.00   9999.00
  07/31/1989_24:00    459.23    188.21    130.75   9999.00   9999.00   9999.00
  08/31/1989_24:00    453.21    187.58    130.31   9999.00   9999.00   9999.00
  09/30/1989_24:00    446.61    186.88    131.85   9999.00   9999.00   9999.00
  10/31/1989_24:00    440.80    188.90    127.08   9999.00   9999.00   9999.00
  11/30/1989_24:00    437.06    190.94    126.73   9999.00   9999.00   9999.00
  12/31/1989_24:00    435.96    194.09    130.77   9999.00   9999.00   9999.00
  01/31/1990_24:00    438.29    197.24    131.04   9999.00   9999.00   9999.00
  02/28/1990_24:00    441.31    196.61    131.24   9999.00   9999.00   9999.00
  03/31/1990_24:00    444.68    199.33    129.91   9999.00   9999.00   9999.00
  04/30/1990_24:00    445.69    197.28    128.75   9999.00   9999.00   9999.00
  05/31/1990_24:00    445.80    196.69    130.12   9999.00   9999.00   9999.00
  06/30/1990_24:00    447.31    196.38    130.76   9999.00   9999.00   9999.00
  07/31/1990_24:00    445.42    194.99    130.39   9999.00   9999.00   9999.00
  08/31/1990_24:00    443.65    193.67    129.20   9999.00   9999.00   9999.00
  09/30/1990_24:00    437.92    193.69    131.61   9999.00   9999.00   9999.00
  10/31/1990_24:00    430.33    193.09    131.05   9999.00   9999.00   9999.00
  11/30/1990_24:00    429.58    190.07    131.16   9999.00   9999.00   9999.00
  12/31/1990_24:00    429.37    188.56    127.26   9999.00   9999.00   9999.00
  01/31/1991_24:00    429.13    187.18    131.44   9999.00   9999.00   9999.00
  02/28/1991_24:00    429.47    186.09    130.55   9999.00   9999.00   9999.00
  03/31/1991_24:00    439.68    186.12    132.14   9999.00   9999.00   9999.00
  04/30/1991_24:00    455.28    183.85    130.56   9999.00   9999.00   9999.00
  05/31/1991_24:00    458.90    179.88    128.63   9999.00   9999.00   9999.00
  06/30/1991_24:00    458.45    180.09    129.13   9999.00   9999.00   9999.00
  07/31/1991_24:00    457.06    179.56    130.40   9999.00   9999.00   9999.00
  08/31/1991_24:00    452.50    179.08    132.25   9999.00   9999.00   9999.00
  09/30/1991_24:00    445.39    179.41    132.66   9999.00   9999.00   9999.00
  10/31/1991_24:00    438.13    181.40    130.10   9999.00   9999.00   9999.00
  11/30/1991_24:00    435.02    177.56    130.24   9999.00   9999.00   9999.00
  12/31/1991_24:00    435.23    180.81    130.96   9999.00   9999.00   9999.00
  01/31/1992_24:00    437.26    180.03    132.25   9999.00   9999.00   9999.00
  02/29/1992_24:00    446.92    182.59    133.37   9999.00   9999.00   9999.00
  03/31/1992_24:00    462.79    187.97    130.99   9999.00   9999.00   9999.00
  04/30/1992_24:00    468.47    184.98    129.98   9999.00   9999.00   9999.00
  05/31/1992_24:00    468.40    180.07    128.37   9999.00   9999.00   9999.00
  06/30/1992_24:00    467.22    179.95    129.43   9999.00   9999.00   9999.00
  07/31/1992_24:00    466.21    179.93    130.06   9999.00   9999.00   9999.00
  08/31/1992_24:00    458.99    179.04    130.88   9999.00   9999.00   9999.00
  09/30/1992_24:00    449.76    179.27    130.36   9999.00   9999.00   9999.00
  10/31/1992_24:00    444.36    179.35    126.73   9999.00   9999.00   9999.00
  11/30/1992_24:00    442.88    175.77    126.97   9999.00   9999.00   9999.00
  12/31/1992_24:00    441.43    172.48    132.00   9999.00   9999.00   9999.00
  01/31/1993_24:00    438.26    184.68    131.99   9999.00   9999.00   9999.00
  02/28/1993_24:00    450.07    198.08    129.77   9999.00   9999.00   9999.00
  03/31/1993_24:00    462.46    208.64    132.11   9999.00   9999.00   9999.00
  04/30/1993_24:00    471.84    213.42    128.98   9999.00   9999.00   9999.00
  05/31/1993_24:00    471.90    224.22    129.55   9999.00   9999.00   9999.00
  06/30/1993_24:00    471.49    232.11    130.99   9999.00   9999.00   9999.00
  07/31/1993_24:00    469.61    226.77    130.34   9999.00   9999.00   9999.00
  08/31/1993_24:00    462.73    222.93    130.16   9999.00   9999.00   9999.00
  09/30/1993_24:00    451.03    221.34    127.84   9999.00   9999.00   9999.00
  10/31/1993_24:00    446.56    219.63    128.66   9999.00   9999.00   9999.00
  11/30/1993_24:00    442.25    218.52    130.44   9999.00   9999.00   9999.00
  12/31/1993_24:00    439.75    217.32    130.06   9999.00   9999.00   9999.00
  01/31/1994_24:00    440.77    215.28    129.19   9999.00   9999.00   9999.00
  02/28/1994_24:00    447.01    213.93    129.65   9999.00   9999.00   9999.00
  03/31/1994_24:00    453.41    211.83    128.72   9999.00   9999.00   9999.00
  04/30/1994_24:00    449.16    208.59    129.19   9999.00   9999.00   9999.00
  05/31/1994_24:00    446.65    204.81    128.18   9999.00   9999.00   9999.00
  06/30/1994_24:00    445.58    203.01    130.28   9999.00   9999.00   9999.00
  07/31/1994_24:00    443.31    201.81    129.34   9999.00   9999.00   9999.00
  08/31/1994_24:00    441.05    198.75    131.36   9999.00   9999.00   9999.00
  09/30/1994_24:00    437.90    199.14    131.61   9999.00   9999.00   9999.00
  10/31/1994_24:00    429.75    200.01    129.39   9999.00   9999.00   9999.00
  11/30/1994_24:00    425.72    200.16    130.61   9999.00   9999.00   9999.00
  12/31/1994_24:00    428.12    202.41    129.77   9999.00   9999.00   9999.00
  01/31/1995_24:00    447.15    209.97    130.34   9999.00   9999.00   9999.00
  02/28/1995_24:00    440.11    209.77    130.87   9999.00   9999.00   9999.00
  03/31/1995_24:00    458.14    221.40    132.38   9999.00   9999.00   9999.00
  04/30/1995_24:00    466.34    214.77    132.62   9999.00   9999.00   9999.00
  05/31/1995_24:00    471.47    219.99    132.06   9999.00   9999.00   9999.00
  06/30/1995_24:00    469.42    227.73    130.79   9999.00   9999.00   9999.00
  07/31/1995_24:00    467.08    230.61    131.38   9999.00   9999.00   9999.00
  08/31/1995_24:00    459.57    228.99    130.51   9999.00   9999.00   9999.00
  09/30/1995_24:00    454.30    220.65    130.28   9999.00   9999.00   9999.00
  10/31/1995_24:00    447.05    214.20    125.38   9999.00   9999.00   9999.00
  11/30/1995_24:00    438.20    214.14    129.80   9999.00   9999.00   9999.00
  12/31/1995_24:00    439.14    213.36    127.95   9999.00   9999.00   9999.00
  01/31/1996_24:00    443.38    217.02    130.96   9999.00   9999.00   9999.00
  02/29/1996_24:00    449.32    215.13    129.84   9999.00   9999.00   9999.00
  03/31/1996_24:00    456.09    206.19    131.97   9999.00   9999.00   9999.00
  04/30/1996_24:00    468.08    210.04    131.93   9999.00   9999.00   9999.00
  05/31/1996_24:00    469.47    230.00    131.62   9999.00   9999.00   9999.00
  06/30/1996_24:00    469.65    232.76    131.44   9999.00   9999.00   9999.00
  07/31/1996_24:00    466.46    224.08    130.30   9999.00   9999.00   9999.00
  08/31/1996_24:00    460.59    219.12    131.45   9999.00   9999.00   9999.00
  09/30/1996_24:00    454.08    216.28    129.94   9999.00   9999.00   9999.00
  10/31/1996_24:00    445.71    219.04    123.85   9999.00   9999.00   9999.00
  11/30/1996_24:00    441.66    221.24    129.55   9999.00   9999.00   9999.00
  12/31/1996_24:00    441.42    219.88    128.92   9999.00   9999.00   9999.00
  01/31/1997_24:00    451.85    227.57    132.19   9999.00   9999.00   9999.00
  02/28/1997_24:00    446.75    209.57    131.40   9999.00   9999.00   9999.00
  03/31/1997_24:00    452.65    207.01    130.76   9999.00   9999.00   9999.00
  04/30/1997_24:00    454.16    211.41    130.38   9999.00   9999.00   9999.00
  05/31/1997_24:00    450.90    220.93    130.21   9999.00   9999.00   9999.00
  06/30/1997_24:00    447.18    222.13    129.18   9999.00   9999.00   9999.00
  07/31/1997_24:00    445.68    219.44    130.80   9999.00   9999.00   9999.00
  08/31/1997_24:00    444.16    218.44    131.28   9999.00   9999.00   9999.00
  09/30/1997_24:00    443.01    217.52    131.80   9999.00   9999.00   9999.00
  10/31/1997_24:00    439.16    220.80    128.38   9999.00   9999.00   9999.00
  11/30/1997_24:00    437.52    222.40    129.34   9999.00   9999.00   9999.00
  12/31/1997_24:00    444.02    219.76    130.35   9999.00   9999.00   9999.00
  01/31/1998_24:00    445.69    221.96    130.17   9999.00   9999.00   9999.00
  02/28/1998_24:00    449.21    218.32    130.48   9999.00   9999.00   9999.00
  03/31/1998_24:00    454.24    208.60    130.85   9999.00   9999.00   9999.00
  04/30/1998_24:00    468.86    211.44    129.66   9999.00   9999.00   9999.00
  05/31/1998_24:00    470.66    216.76    130.86   9999.00   9999.00   9999.00
  06/30/1998_24:00    470.25    233.56    131.71   9999.00   9999.00   9999.00
  07/31/1998_24:00    467.19    223.68    131.04   9999.00   9999.00   9999.00
  08/31/1998_24:00    461.33    211.32    130.69   9999.00   9999.00   9999.00
  09/30/1998_24:00    455.81    213.04    130.85   9999.00   9999.00   9999.00
  10/31/1998_24:00    446.68    217.52    130.69   9999.00   9999.00   9999.00
  11/30/1998_24:00    438.09    218.72    130.21   9999.00   9999.00   9999.00
  12/31/1998_24:00    437.80    218.76    128.12   9999.00   9999.00   9999.00
  01/31/1999_24:00    441.25    221.48    128.65   9999.00   9999.00   9999.00
  02/28/1999_24:00    450.25    216.16    130.27   9999.00   9999.00   9999.00
  03/31/1999_24:00    463.12    215.64    132.24   9999.00   9999.00   9999.00
  04/30/1999_24:00    471.19    216.08    132.05   9999.00   9999.00   9999.00
  05/31/1999_24:00    469.38    217.16    131.03   9999.00   9999.00   9999.00
  06/30/1999_24:00    468.70    225.16    131.20   9999.00   9999.00   9999.00
  07/31/1999_24:00    463.66    222.40    129.91   9999.00   9999.00   9999.00
  08/31/1999_24:00    457.09    218.84    129.78   9999.00   9999.00   9999.00
  09/30/1999_24:00    452.58    217.48    129.99   9999.00   9999.00   9999.00
  10/31/1999_24:00    445.75    220.52    128.19   9999.00   9999.00   9999.00
  11/30/1999_24:00    441.66    221.40    132.02   9999.00   9999.00   9999.00
  12/31/1999_24:00    442.32    220.72    131.23   9999.00   9999.00   9999.00
  01/31/2000_24:00    445.38    220.12    131.50   9999.00   9999.00   9999.00
  02/29/2000_24:00    454.94    219.00    131.26   9999.00   9999.00   9999.00
  03/31/2000_24:00    460.12    215.60    131.92   9999.00   9999.00   9999.00
  04/30/2000_24:00    466.28    217.32    131.52   9999.00   9999.00   9999.00
  05/31/2000_24:00    469.23    224.88    130.33   9999.00   9999.00   9999.00
  06/30/2000_24:00    466.67    226.36    130.85   9999.00   9999.00   9999.00
  07/31/2000_24:00    460.22    222.40    129.43   9999.00   9999.00   9999.00
  08/31/2000_24:00    453.39    220.08    131.18   9999.00   9999.00   9999.00
  09/30/2000_24:00    448.32    218.44    131.29   9999.00   9999.00   9999.00
  10/31/2000_24:00    441.38    221.20    130.49   9999.00   9999.00   9999.00
  11/30/2000_24:00    439.06    221.08    132.46   9999.00   9999.00   9999.00
  12/31/2000_24:00    439.30    220.84    131.68   9999.00   9999.00   9999.00
  01/31/2001_24:00    441.09    218.08    131.36   9999.00   9999.00   9999.00
  02/28/2001_24:00    447.39    215.60    128.17   9999.00   9999.00   9999.00
  03/31/2001_24:00    460.26    213.56    131.79   9999.00   9999.00   9999.00
  04/30/2001_24:00    465.91    213.88    128.42   9999.00   9999.00   9999.00
  05/31/2001_24:00    461.30    212.32    128.66   9999.00   9999.00   9999.00
  06/30/2001_24:00    456.84    207.88    130.43   9999.00   9999.00   9999.00
  07/31/2001_24:00    454.75    205.40    128.76   9999.00   9999.00   9999.00
  08/31/2001_24:00    448.72    202.96    130.57   9999.00   9999.00   9999.00
  09/30/2001_24:00    439.90    200.20    128.63   9999.00   9999.00   9999.00
  10/31/2001_24:00    434.14    202.24    126.40   9999.00   9999.00   9999.00
  11/30/2001_24:00    435.51    199.72    127.41   9999.00   9999.00   9999.00
  12/31/2001_24:00    445.08    201.84    131.16   9999.00   9999.00   9999.00
  01/31/2002_24:00    447.61    208.64    130.41   9999.00   9999.00   9999.00
  02/28/2002_24:00    451.64    207.64    131.96   9999.00   9999.00   9999.00
  03/31/2002_24:00    459.58    214.12    129.52   9999.00   9999.00   9999.00
  04/30/2002_24:00    461.06    218.00    128.90   9999.00   9999.00   9999.00
  05/31/2002_24:00    460.13    215.60    131.90   9999.00   9999.00   9999.00
  06/30/2002_24:00    457.80    216.44    128.67   9999.00   9999.00   9999.00
  07/31/2002_24:00    456.24    212.84    129.79   9999.00   9999.00   9999.00
  08/31/2002_24:00    450.16    210.04    129.79   9999.00   9999.00   9999.00
  09/30/2002_24:00    441.83    208.32    131.14   9999.00   9999.00   9999.00
  10/31/2002_24:00    434.98    210.48    127.67   9999.00   9999.00   9999.00
  11/30/2002_24:00    434.96    210.28    128.01   9999.00   9999.00   9999.00
  12/31/2002_24:00    441.70    212.56    129.12   9999.00   9999.00   9999.00
  01/31/2003_24:00    446.14    215.92    128.88   9999.00   9999.00   9999.00
  02/28/2003_24:00    452.20    219.52    128.34   9999.00   9999.00   9999.00
  03/31/2003_24:00    462.52    219.24    131.92   9999.00   9999.00   9999.00
  04/30/2003_24:00    471.15    220.52    132.93   9999.00   9999.00   9999.00
  05/31/2003_24:00    472.34    227.16    133.16   9999.00   9999.00   9999.00
  06/30/2003_24:00    471.22    230.00    133.27   9999.00   9999.00   9999.00
  07/31/2003_24:00    465.81    222.36    131.24   9999.00   9999.00   9999.00
  08/31/2003_24:00    460.62    216.60    130.73   9999.00   9999.00   9999.00
  09/30/2003_24:00    453.76    215.28    130.51   9999.00   9999.00   9999.00
  10/31/2003_24:00    443.99    216.96    129.78   9999.00   9999.00   9999.00
  11/30/2003_24:00    440.18    215.84    128.21   9999.00   9999.00   9999.00
  12/31/2003_24:00    443.01    216.88    130.22   9999.00   9999.00   9999.00
  01/31/2004_24:00    440.59    220.20    132.84   9999.00   9999.00   9999.00
  02/29/2004_24:00    454.84    221.24    133.39   9999.00   9999.00   9999.00
  03/31/2004_24:00    461.65    226.28    131.91   9999.00   9999.00   9999.00
  04/30/2004_24:00    468.32    227.24    132.61   9999.00   9999.00   9999.00
  05/31/2004_24:00    465.05    219.88    132.13   9999.00   9999.00   9999.00
  06/30/2004_24:00    461.23    216.07    130.34   9999.00   9999.00   9999.00
  07/31/2004_24:00    454.80    212.96    129.48   9999.00   9999.00   9999.00
  08/31/2004_24:00    447.44    210.60    130.56   9999.00   9999.00   9999.00
  09/30/2004_24:00    442.00    209.20    132.21   9999.00   9999.00   9999.00
  10/31/2004_24:00    436.40    210.60    127.31   9999.00   9999.00   9999.00
  11/30/2004_24:00    437.14    209.36    129.05   9999.00   9999.00   9999.00
  12/31/2004_24:00    442.03    211.20    129.76   9999.00   9999.00   9999.00
  01/31/2005_24:00    446.10    219.80    133.15   9999.00   9999.00   9999.00
  02/28/2005_24:00    455.54    224.20    128.99   9999.00   9999.00   9999.00
  03/31/2005_24:00    465.21    229.28    132.36   9999.00   9999.00   9999.00
  04/30/2005_24:00    470.85    229.40    133.67   9999.00   9999.00   9999.00
  05/31/2005_24:00    471.35    232.84    132.60   9999.00   9999.00   9999.00
  06/30/2005_24:00    471.03    234.08    131.58   9999.00   9999.00   9999.00
  07/31/2005_24:00    466.50    228.72    132.08   9999.00   9999.00   9999.00
  08/31/2005_24:00    458.46    222.80    132.47   9999.00   9999.00   9999.00
  09/30/2005_24:00    448.11    217.84    131.51   9999.00   9999.00   9999.00
  10/31/2005_24:00    445.41    220.20    130.48   9999.00   9999.00   9999.00
  11/30/2005_24:00    443.24    219.48    131.70   9999.00   9999.00   9999.00
  12/31/2005_24:00    447.10    223.44    131.17   9999.00   9999.00   9999.00
  01/31/2006_24:00    444.23    213.00    128.31   9999.00   9999.00   9999.00
  02/28/2006_24:00    455.63    213.04    130.66   9999.00   9999.00   9999.00
  03/31/2006_24:00    462.14    224.72    131.20   9999.00   9999.00   9999.00
  04/30/2006_24:00    467.17    226.96    133.96   9999.00   9999.00   9999.00
  05/31/2006_24:00    471.72    230.52    133.11   9999.00   9999.00   9999.00
  06/30/2006_24:00    470.25    232.48    130.86   9999.00   9999.00   9999.00
  07/31/2006_24:00    465.19    227.04    132.78   9999.00   9999.00   9999.00
  08/31/2006_24:00    457.57    224.72    133.58   9999.00   9999.00   9999.00
  09/30/2006_24:00    449.96    219.32    133.25   9999.00   9999.00   9999.00
  10/31/2006_24:00    447.36    220.72    130.13   9999.00   9999.00   9999.00
  11/30/2006_24:00    444.56    220.48    130.22   9999.00   9999.00   9999.00
  12/31/2006_24:00    444.71    222.08    131.35   9999.00   9999.00   9999.00
  01/31/2007_24:00    444.24    221.56    131.11   9999.00   9999.00   9999.00
  02/28/2007_24:00    447.32    219.80    132.83   9999.00   9999.00   9999.00
  03/31/2007_24:00    456.21    219.48    132.56   9999.00   9999.00   9999.00
  04/30/2007_24:00    456.78    216.84    132.50   9999.00   9999.00   9999.00
  05/31/2007_24:00    453.89    213.32    132.58   9999.00   9999.00   9999.00
  06/30/2007_24:00    451.10    210.88    129.24   9999.00   9999.00   9999.00
  07/31/2007_24:00    448.40    207.04    129.83   9999.00   9999.00   9999.00
  08/31/2007_24:00    445.36    205.04    130.48   9999.00   9999.00   9999.00
  09/30/2007_24:00    440.35    203.95    131.70   9999.00   9999.00   9999.00
  10/31/2007_24:00    434.65    204.01    130.53   9999.00   9999.00   9999.00
  11/30/2007_24:00    432.85    203.56    130.33   9999.00   9999.00   9999.00
  12/31/2007_24:00    432.71    201.20    131.60   9999.00   9999.00   9999.00
  01/31/2008_24:00    443.07    201.51    129.16   9999.00   9999.00   9999.00
  02/29/2008_24:00    449.98    202.67    132.09   9999.00   9999.00   9999.00
  03/31/2008_24:00    456.65    203.45    133.26   9999.00   9999.00   9999.00
  04/30/2008_24:00    462.40    201.37    133.04   9999.00   9999.00   9999.00
  05/31/2008_24:00    459.88    196.47    131.98   9999.00   9999.00   9999.00
  06/30/2008_24:00    457.55    193.68    129.64   9999.00   9999.00   9999.00
  07/31/2008_24:00    453.81    190.92    132.85   9999.00   9999.00   9999.00
  08/31/2008_24:00    447.66    190.88    133.00   9999.00   9999.00   9999.00
  09/30/2008_24:00    437.97    189.78    132.47   9999.00   9999.00   9999.00
  10/31/2008_24:00    434.60    189.60    129.25   9999.00   9999.00   9999.00
  11/30/2008_24:00    434.50    188.06    131.03   9999.00   9999.00   9999.00
  12/31/2008_24:00    433.80    187.73    130.68   9999.00   9999.00   9999.00
  01/31/2009_24:00    434.58    188.80    130.73   9999.00   9999.00   9999.00
  02/28/2009_24:00    437.05    192.27    132.63   9999.00   9999.00   9999.00
  03/31/2009_24:00    453.48    201.82    132.92   9999.00   9999.00   9999.00
  04/30/2009_24:00    458.23    207.02    130.82   9999.00   9999.00   9999.00
  05/31/2009_24:00    460.90    221.43    132.47   9999.00   9999.00   9999.00
  06/30/2009_24:00    463.18    223.26    131.33   9999.00   9999.00   9999.00
  07/31/2009_24:00    459.02    223.16    132.83   9999.00   9999.00   9999.00
  08/31/2009_24:00    452.68    223.16    133.48   9999.00   9999.00   9999.00
  09/30/2009_24:00    445.98    222.07    134.11   9999.00   9999.00   9999.00
  10/31/2009_24:00    440.92    216.96    131.76   9999.00   9999.00   9999.00
  11/30/2009_24:00    439.24    215.69    128.44   9999.00   9999.00   9999.00
  12/31/2009_24:00    438.74    215.22    133.48   9999.00   9999.00   9999.00
  01/31/2010_24:00    443.72    216.50    132.11   9999.00   9999.00   9999.00
  02/28/2010_24:00    445.39    219.26    131.64   9999.00   9999.00   9999.00
  03/31/2010_24:00    453.45    222.59    133.10   9999.00   9999.00   9999.00
  04/30/2010_24:00    465.97    226.20    133.84   9999.00   9999.00   9999.00
  05/31/2010_24:00    470.38    226.51    132.48   9999.00   9999.00   9999.00
  06/30/2010_24:00    470.25    232.17    132.26   9999.00   9999.00   9999.00
  07/31/2010_24:00    466.34    227.90    132.40   9999.00   9999.00   9999.00
  08/31/2010_24:00    458.37    224.63    132.75   9999.00   9999.00   9999.00
  09/30/2010_24:00    450.64    221.36    133.52   9999.00   9999.00   9999.00
  10/31/2010_24:00    445.30    215.61    132.49   9999.00   9999.00   9999.00
  11/30/2010_24:00    440.76    213.32    131.53   9999.00   9999.00   9999.00
  12/31/2010_24:00    437.49    209.77    134.68   9999.00   9999.00   9999.00
  01/31/2011_24:00    443.22    209.75    133.10   9999.00   9999.00   9999.00
  02/28/2011_24:00    445.68    216.70    134.27   9999.00   9999.00   9999.00
  03/31/2011_24:00    453.79    222.57    132.25   9999.00   9999.00   9999.00
  04/30/2011_24:00    461.39    217.30    132.75   9999.00   9999.00   9999.00
  05/31/2011_24:00    470.16    219.53    133.30   9999.00   9999.00   9999.00
  06/30/2011_24:00    470.81    234.47    133.06   9999.00   9999.00   9999.00
  07/31/2011_24:00    466.40    232.44    133.64   9999.00   9999.00   9999.00
  08/31/2011_24:00    458.45    224.74    133.66   9999.00   9999.00   9999.00
  09/30/2011_24:00    451.19    219.86    133.34   9999.00   9999.00   9999.00
  10/31/2011_24:00    447.70    214.40    132.33   9999.00   9999.00   9999.00
  11/30/2011_24:00    445.24    210.58    132.50   9999.00   9999.00   9999.00
  12/31/2011_24:00    444.07    211.35    132.02   9999.00   9999.00   9999.00
  01/31/2012_24:00    441.34    210.48    133.62   9999.00   9999.00   9999.00
  02/29/2012_24:00    442.81    208.84    128.51   9999.00   9999.00   9999.00
  03/31/2012_24:00    447.29    206.68    132.39   9999.00   9999.00   9999.00
  04/30/2012_24:00    464.55    210.69    133.41   9999.00   9999.00   9999.00
  05/31/2012_24:00    467.53    217.52    132.29   9999.00   9999.00   9999.00
  06/30/2012_24:00    461.08    217.68    130.52   9999.00   9999.00   9999.00
  07/31/2012_24:00    454.21    215.28    132.97   9999.00   9999.00   9999.00
  08/31/2012_24:00    445.81    213.78    133.36   9999.00   9999.00   9999.00
  09/30/2012_24:00    438.98    212.39    134.64   9999.00   9999.00   9999.00
  10/31/2012_24:00    434.84    211.89    133.66   9999.00   9999.00   9999.00
  11/30/2012_24:00    434.10    211.26    130.59   9999.00   9999.00   9999.00
  12/31/2012_24:00    445.58    217.42    130.62   9999.00   9999.00   9999.00
  01/31/2013_24:00    444.06    220.79    131.29   9999.00   9999.00   9999.00
  02/28/2013_24:00    445.94    224.03    129.70   9999.00   9999.00   9999.00
  03/31/2013_24:00    447.71    225.12    131.29   9999.00   9999.00   9999.00
  04/30/2013_24:00    448.26    223.40    131.00   9999.00   9999.00   9999.00
  05/31/2013_24:00    447.18    219.88    130.96   9999.00   9999.00   9999.00
  06/30/2013_24:00    447.39    217.22    131.53   9999.00   9999.00   9999.00
  07/31/2013_24:00    446.74    214.93    133.09   9999.00   9999.00   9999.00
  08/31/2013_24:00    445.40    212.82    134.14   9999.00   9999.00   9999.00
  09/30/2013_24:00    441.03    211.58    133.28   9999.00   9999.00   9999.00
  10/31/2013_24:00    434.26    210.76    132.75   9999.00   9999.00   9999.00
  11/30/2013_24:00    429.67    209.55    133.47   9999.00   9999.00   9999.00
  12/31/2013_24:00    428.29    206.76    132.88   9999.00   9999.00   9999.00
  01/31/2014_24:00    426.85    203.95    132.67   9999.00   9999.00   9999.00
  02/28/2014_24:00    427.66    201.79    135.45   9999.00   9999.00   9999.00
  03/31/2014_24:00    442.17    199.57    134.98   9999.00   9999.00   9999.00
  04/30/2014_24:00    453.55    196.04    134.70   9999.00   9999.00   9999.00
  05/31/2014_24:00    460.89    191.09    134.41   9999.00   9999.00   9999.00
  06/30/2014_24:00    458.07    188.92    134.60   9999.00   9999.00   9999.00
  07/31/2014_24:00    453.23    188.10    134.34   9999.00   9999.00   9999.00
  08/31/2014_24:00    448.43    186.78    135.33   9999.00   9999.00   9999.00
  09/30/2014_24:00    443.85    186.95    135.34   9999.00   9999.00   9999.00
  10/31/2014_24:00    440.43    186.65    134.31   9999.00   9999.00   9999.00
  11/30/2014_24:00    438.41    183.91    135.25   9999.00   9999.00   9999.00
  12/31/2014_24:00    445.25    187.66    135.17   9999.00   9999.00   9999.00
  01/31/2015_24:00    444.08    186.40    134.48   9999.00   9999.00   9999.00
  02/28/2015_24:00    449.90    185.17    134.00   9999.00   9999.00   9999.00
  03/31/2015_24:00    452.30    182.16    134.20   9999.00   9999.00   9999.00
  04/30/2015_24:00    453.94    178.51    134.77   9999.00   9999.00   9999.00
  05/31/2015_24:00    455.35    178.48    134.63   9999.00   9999.00   9999.00
  06/30/2015_24:00    455.89    174.19    134.42   9999.00   9999.00   9999.00
  07/31/2015_24:00    455.41    172.22    135.06   9999.00   9999.00   9999.00
  08/31/2015_24:00    449.95    171.73    133.54   9999.00   9999.00   9999.00
  09/30/2015_24:00    444.48    177.60    135.14   9999.00   9999.00   9999.00
C-------------------------------------------------------------------------------
C                    Pathnames for Time Series Boundary Condition Data
C                                (READ FROM DSS FILE)
C
C   List the pathnames for the time series boundary condition data below, if it will be read 
C   from a DSS file (i.e. DSSFL is specified above).
C
C   REC  ;  Time series record number
C   PATH ;  Pathname for the time series record 
C
C----------------------------------------------------------------------------------------------------------- 
C   REC       PATH
C-----------------------------------------------------------------------------------------------------------
*
*
